0.054193,0.024589,0.056492,0.03845,-42.31008,3.613639,0.344797,0.692767,0.369151,0.251596,0.007666,-0.167513,-0.319306,0.290208,0.391732,0.230008,0.339454,0.000163,0.00047,0.000836,0.001484,0.00075,0.000508,0.001114,0.0005240000000000001,0.000293,0.000263,0.000169,0.000174
0.021924,0.017873,0.028853,0.119916,-58.363321,9.997415,-1.060474,3.62019,-0.47046,-0.079915,-0.264387,-0.477621,0.490666,0.217646,-0.032313,0.320156,-0.147063,1.6e-05,8e-06,6e-06,1e-05,8e-06,8e-06,1.3e-05,9e-06,7e-06,4e-06,9e-06,1.6e-05
0.070256,0.050094,0.140169,0.020183,-47.729074,3.726749,0.941339,0.479529,-0.461992,0.38552,-0.677109,-0.396493,-1.111284,0.130056,-0.141439,0.007096,-1.069656,4.2e-05,2e-05,5.1e-05,1.5e-05,2.3e-05,6e-05,3.2e-05,5.9e-05,1.7e-05,2.7e-05,6.8e-05,2.8e-05
0.068928,0.04933,0.158523,0.036878,-44.820192,2.929731,-0.265552,3.11875,-0.8832950000000001,0.400512,0.021345,0.400115,0.692404,-0.67522,0.123052,0.021838,-0.792255,0.000358,0.000175,0.000267,0.000256,0.00018,0.000116,0.000121,0.00024,9.3e-05,0.000121,0.000112,0.00014
0.039944,0.012551,0.025168,0.028278,-53.938818,8.819495999999999,-0.591885,1.684689,-0.244754,0.504803,-0.492206,0.020445,-0.475155,-0.536879,-0.351153,0.629974,0.300717,2.4e-05,2.7e-05,4.8e-05,4.5e-05,0.000142,4.2e-05,4.1e-05,5.1e-05,3.9e-05,6.600000000000001e-05,2.9e-05,2.7e-05
0.057101,0.036175,0.08457099999999999,0.062919,-42.219395,3.518531,-1.298474,0.500767,0.7001849999999999,0.555051,-0.070092,0.191961,0.200585,0.454078,-0.13906,0.262433,-0.08744,0.000267,0.000434,0.000474,0.000507,0.000395,0.000415,0.000381,0.000307,0.00028,0.000353,0.000629,0.000292
0.028036,0.017623,0.03332,0.028692,-46.505288,5.680112,1.03682,0.613868,-0.12689,-0.138728,0.230596,0.05142,0.396769,-0.057258,-0.115693,0.208531,0.072528,0.000133,0.000196,9.8e-05,0.000102,0.000224,0.000312,0.000148,0.000225,0.000171,0.000218,0.000357,9.500000000000001e-05
0.041427,0.027956,0.07954600000000001,0.050147,-44.703818,4.805288,-1.108968,1.108081,-0.145235,0.308285,-0.306135,0.049243,-0.072273,-0.096565,-0.023055,0.07306799999999999,-0.051934,0.00018,4.7e-05,0.000106,0.000138,5.3e-05,0.000157,5.2e-05,0.000159,0.000311,0.000124,0.000394,0.0001
0.053643,0.019624,0.048865,0.048645,-44.459469,3.264899,-1.294875,1.123073,0.637122,0.293376,0.7234390000000001,-0.19672,0.583039,-0.289859,0.461621,0.118608,0.288165,0.000346,0.000541,0.00043,0.000333,0.000258,0.000825,0.001126,0.000806,0.000326,0.000249,0.00051,0.000266
0.057404,0.039559,0.08544300000000001,0.02125,-44.601165,4.493871,-0.520443,0.651424,-0.064278,0.708303,-0.283246,0.335036,0.133587,0.308293,0.230637,0.321897,0.498806,9.6e-05,8.2e-05,0.000227,0.0001,6.499999999999999e-05,7.499999999999999e-05,9.6e-05,0.000213,0.000163,0.00012,6.999999999999999e-05,7.4e-05
0.022575,0.009993999999999999,0.014967,0.038568,-53.281892,5.643185,2.650814,0.571085,0.618366,0.412019,0.229673,0.298011,0.3649,0.066875,0.07470599999999999,-0.01661,-0.221096,0.000234,0.000128,0.0001,0.000132,8.6e-05,5.6e-05,4.1e-05,0.000143,4.3e-05,1.9e-05,4.2e-05,0.000102
0.036345,0.033609,0.060778,0.043675,-51.030393,6.511243,-1.168701,0.484859,-0.540263,0.321067,0.122368,-0.152062,-0.216889,-0.326728,-0.156137,-0.006704,-0.191548,2.2e-05,1e-05,9e-06,9e-06,2.9e-05,3.9e-05,1.5e-05,2e-05,2.2e-05,1e-05,3e-06,1.3e-05
0.037301,0.02484,0.064819,0.021786,-45.506695,6.159179,-1.070765,1.825521,0.177525,0.5465179999999999,-0.220238,0.035664,0.045759,0.07503600000000001,0.177742,0.063556,0.09313299999999999,0.000142,6.7e-05,8.3e-05,9.2e-05,0.000268,0.000157,0.000113,0.000204,0.00014,0.000262,0.000196,0.000219
0.013045,0.009552,0.013438,0.051005,-55.241442,8.661830999999999,1.694009,2.796277,2.265002,-0.384566,0.671167,1.226642,-0.06439499999999999,-0.348118,0.4966,0.455483,-0.619044,0.000335,0.000102,0.000111,0.000294,0.000197,0.000633,0.000176,0.00018,0.000392,0.000213,0.000179,0.000239
0.088478,0.022964,0.067458,0.019656,-48.35413,4.031272,-1.214633,-0.75968,1.196493,0.90842,-0.156078,-0.129672,0.178657,0.414367,0.141511,-0.017119,0.177917,6.9e-05,6.4e-05,7.8e-05,6.9e-05,8.2e-05,0.000113,0.000158,0.000175,0.000109,0.000108,7.3e-05,8.2e-05
0.028871,0.024512,0.033433,0.042056,-48.352079,3.92546,1.782672,0.836683,0.245375,1.390697,0.078467,0.395806,0.09654699999999999,0.08512599999999999,0.120569,-0.044163,0.222733,5.9e-05,0.000157,6.9e-05,5e-05,0.000115,6.4e-05,0.000138,4.3e-05,5.9e-05,9.399999999999999e-05,4.6e-05,0.0001
0.020665,0.02029,0.03788,0.16316,-58.626801,9.470782,-1.838144,1.906848,0.146075,0.404086,-0.132081,0.342686,-0.05294,0.111553,-0.342164,0.01292,-0.282051,2e-06,4e-06,1e-06,2e-06,7e-06,2e-06,5e-06,1e-06,3e-06,6e-06,4e-06,9e-06
0.050027,0.01674,0.026716,0.027919,-45.8419,3.718374,0.280554,1.547188,0.609589,0.246071,0.044629,0.141474,0.349253,0.10299,0.090766,0.360323,-0.025859,0.000314,0.000279,0.000249,0.000209,0.000206,0.000309,0.000224,0.000187,0.000175,0.000247,0.000301,0.000276
0.024842,0.018786,0.027981,0.033926,-50.735237,7.488488,3.483919,-0.487753,0.541557,-0.113163,0.264336,-0.112404,-0.384926,-0.32497,0.407718,0.412212,0.6890500000000001,0.000112,0.000173,0.000398,0.000152,0.000206,6.3e-05,8.1e-05,0.000159,3.2e-05,4e-05,8.500000000000001e-05,0.000174
0.034766,0.023138,0.052888,0.042001,-44.112406,5.318516,-0.003789,0.889537,-0.361637,0.790031,-0.726216,0.002469,0.08859499999999999,0.294498,-0.081665,-0.198584,-0.196826,0.000382,0.000154,0.000202,0.000227,0.000214,0.000315,0.00012,0.000137,0.000204,0.000374,0.000545,0.000212
0.044969,0.023497,0.064704,0.016782,-45.768993,3.121956,0.655303,2.576954,0.171759,0.519567,0.803009,-0.377448,0.217595,0.200871,0.258444,0.20848,0.058631,0.000103,0.000142,0.000412,0.000226,0.000489,0.000231,0.000154,0.000111,0.000197,0.000149,0.000196,0.000131
0.023706,0.016586,0.024784,0.042753,-51.536061,7.165223,2.504666,0.237745,0.650589,0.182482,0.230651,-0.274686,0.195355,0.453546,-0.008673,-0.177454,0.345607,0.000359,8.1e-05,3.1e-05,2.2e-05,3.4e-05,3.7e-05,4.9e-05,6.1e-05,3.1e-05,4e-05,7.499999999999999e-05,0.000259
0.029743,0.024134,0.053439,0.026883,-55.594672,6.183375,-1.022249,2.689644,-0.159302,0.769936,-0.266484,-0.057149,-0.235669,0.035547,-0.059904,0.103225,-0.439969,1.1e-05,7e-06,2e-06,1e-06,2e-06,1e-05,6e-06,2e-06,2e-06,4e-06,9e-06,3e-06
0.008312,0.006606,0.010873,0.033208,-53.455877,6.561983,0.034022,1.942078,1.725126,0.230322,0.278724,1.439262,0.662788,0.029985,0.344138,0.106936,-0.26778,0.000107,0.001631,0.001506,0.00012,0.000124,7.499999999999999e-05,5.2e-05,6.8e-05,7.3e-05,0.000137,0.000184,8.2e-05
0.026372,0.028097,0.054292,0.032903,-51.012957,8.022157,-1.233003,1.355648,-0.449476,0.639496,-0.801029,-0.317796,0.099139,0.370947,-0.25119,-0.038445,0.231994,2.5e-05,2.6e-05,8e-06,1.9e-05,2.1e-05,0.00012,6.8e-05,1.2e-05,4e-06,1.7e-05,6.8e-05,1.4e-05
0.037022,0.029845,0.073352,0.026192,-41.31671,4.420284,-0.999462,0.47594,-0.466872,0.415047,0.423243,0.380573,0.24219,-0.026821,-0.159705,0.383509,0.423556,0.000571,0.000433,0.000544,0.000715,0.000578,0.000779,0.00034,0.000308,0.000308,0.000418,0.000809,0.00051
0.058847,0.035217,0.099828,0.037151,-46.797115,3.760621,0.943389,1.511765,-0.619225,-0.117486,0.539618,-0.713963,-0.221129,0.372913,0.367758,0.056761,0.005721,9.500000000000001e-05,0.000116,7.499999999999999e-05,7.1e-05,0.000152,8.1e-05,0.00011,9.000000000000001e-05,8.4e-05,0.000163,0.000268,0.000191
0.047057,0.025182,0.039842,0.024189,-50.571688,5.61223,1.044397,0.934012,-0.289074,0.294043,-0.066149,-0.061656,0.957112,0.422614,-0.323284,0.373858,0.541095,0.000133,3.5e-05,2.1e-05,4.1e-05,1.2e-05,6e-06,6e-06,2.5e-05,7.1e-05,2.2e-05,1.4e-05,2.1e-05
0.054775,0.044012,0.123522,0.023824,-48.574744,3.356794,-0.250161,0.7908500000000001,-0.690035,0.738648,-0.031769,-0.267677,-0.7305739999999999,-0.176283,-0.274591,0.156444,0.121279,1.6e-05,8e-06,1.3e-05,2.1e-05,2.7e-05,8.7e-05,2.2e-05,8e-06,8e-06,2.3e-05,8.899999999999999e-05,2.5e-05
0.023986,0.021433,0.028482,0.028558,-50.379111,6.41179,1.495218,0.400135,0.06324299999999999,0.333661,0.351531,0.434061,0.386781,-0.257441,0.227403,-0.142316,0.668832,9.8e-05,4.6e-05,3.3e-05,3.5e-05,7.8e-05,8.899999999999999e-05,3.7e-05,2.9e-05,3.8e-05,6.499999999999999e-05,0.000135,0.000126
0.029524,0.017056,0.026638,0.022663,-45.533215,3.608753,0.716211,1.653014,0.059131,0.851075,0.388568,0.560592,0.002208,-0.117727,0.090277,0.313762,-0.07457,0.000168,0.000123,0.000136,0.000179,0.000144,0.000193,0.000178,0.0007,0.000468,0.000352,0.000274,0.00015
0.022033,0.02284,0.035641,0.096332,-55.921433,12.935032,-1.600201,1.541012,-1.304213,0.033842,-0.893129,0.32022,-0.621662,0.156516,-0.497942,-0.101958,-0.8292929999999999,6.3e-05,2.3e-05,9.000000000000001e-05,4.3e-05,1.4e-05,5.3e-05,1.8e-05,5.5e-05,4.1e-05,2.2e-05,8.4e-05,2.3e-05
0.045423,0.030121,0.067327,0.020832,-47.211134,3.970072,-0.465221,-0.306331,0.384781,0.392656,-0.259859,-4.6e-05,-0.236349,0.134014,0.383447,0.429266,0.133602,6.8e-05,4.5e-05,7.499999999999999e-05,7.9e-05,0.000114,0.000107,6.4e-05,5.9e-05,6.8e-05,5.7e-05,4.9e-05,8.3e-05
0.081191,0.035923,0.060033,0.164963,-47.033387,3.538652,2.188717,0.513975,0.153921,0.311535,0.101264,0.022269,0.317703,0.372559,0.180795,0.052829,-0.279122,5.4e-05,4.8e-05,0.000143,0.000147,0.000151,6.9e-05,4.1e-05,6e-05,0.00014,0.000293,0.000185,6.8e-05
0.029916,0.020777,0.03229,0.048159,-50.067133,6.540029,2.164662,-0.031924,0.074756,0.371829,0.112332,-0.049262,0.311911,0.04948,-0.218622,0.386823,0.836363,8.2e-05,0.000218,0.000341,8.2e-05,4.3e-05,5.1e-05,1.4e-05,3.9e-05,4.2e-05,8.2e-05,2.9e-05,3e-05
0.030153,0.03142,0.045405,0.045753,-56.506078,8.167882000000001,-1.264577,1.975176,-0.873268,-1.838474,0.820573,1.588152,-0.163703,0.115161,-0.922694,-0.301533,-0.479771,1.3e-05,4e-06,1.1e-05,9e-06,4e-06,1.4e-05,5e-06,6e-06,3e-06,1e-06,8e-06,4e-06
0.098218,0.044703,0.113544,0.039911,-44.028979,3.607425,0.831759,0.635331,-0.515629,-0.221927,0.5335490000000001,-0.02738,0.407315,0.689187,0.155507,-0.057567,-0.090377,0.000219,0.000178,0.000205,0.000246,0.000272,0.000264,0.000234,0.000268,0.000328,0.000331,0.000354,0.000279
0.052616,0.039856,0.06747400000000001,0.046116,-48.767759,5.354357,-0.54618,0.444257,-0.749422,1.516567,0.034349,0.256476,0.820651,-0.142342,0.351239,-0.364631,-1.270819,3.9e-05,2.2e-05,5.1e-05,2.2e-05,5.7e-05,1.4e-05,2e-05,4.2e-05,2.1e-05,8.500000000000001e-05,2.6e-05,3.6e-05
0.070345,0.029169,0.076348,0.068412,-44.313214,2.428951,0.881089,0.9950830000000001,0.622208,0.5125729999999999,0.559111,0.517438,0.527443,0.379962,0.263489,0.141206,-0.048249,0.000312,0.00019,0.000212,0.000235,0.000289,0.000396,0.000363,0.000325,0.000252,0.00032,0.000465,0.000515
0.070852,0.032161,0.06300799999999999,0.161697,-48.091218,3.964061,1.308928,0.94365,-0.010723,0.329132,0.241374,-0.399091,-0.09227,0.402431,0.080027,0.194847,0.348346,2e-05,1.7e-05,3.5e-05,0.000129,3.3e-05,2e-05,5.6e-05,7.7e-05,0.000109,2.5e-05,2.3e-05,3.2e-05
0.065833,0.043443,0.118572,0.017448,-47.265107,3.642914,-0.325099,0.913651,-0.21734,0.611851,-0.480946,-0.842267,-0.201362,-0.247533,0.600549,0.191253,0.37868,3.3e-05,3.1e-05,3.6e-05,5.1e-05,5e-05,0.000119,5.7e-05,4.1e-05,6.8e-05,4.1e-05,3.2e-05,3.1e-05
0.036368,0.016805,0.046704,0.05284,-49.12218,5.117887,-0.260772,1.18239,0.260484,1.340796,0.709016,0.27529,-0.517423,0.015576,0.5097159999999999,-0.145361,0.120476,5.8e-05,5.6e-05,6.8e-05,8.899999999999999e-05,8.1e-05,0.000131,5.5e-05,6.4e-05,6.2e-05,4.9e-05,4.5e-05,2.6e-05
0.03503,0.026645,0.053578,0.027513,-53.323242,7.147255,-1.457558,1.690154,0.078871,1.075496,0.639509,0.532888,-0.958915,-0.887534,0.248833,0.361592,0.247414,1.4e-05,3.3e-05,1.1e-05,4.5e-05,1e-05,6e-06,6e-06,5e-06,1.7e-05,3e-06,7e-06,2.1e-05
0.036213,0.01833,0.028383,0.016216,-45.238899,4.085267,0.823054,0.978696,0.377727,0.259144,0.254432,0.252799,0.404911,0.485914,-0.1142,0.136577,0.29782,0.000204,0.000127,0.00021,0.000144,0.000258,0.000236,0.000603,0.000229,0.000181,0.000247,0.000298,0.0006579999999999999
0.045063,0.022896,0.067368,0.035197,-44.081011,4.495814,-0.711336,1.369941,1.09205,0.226159,-0.09866800000000001,-0.200797,-0.170956,0.240081,0.394478,0.356207,0.183195,0.00021,0.000103,0.000118,0.000128,0.000418,0.000846,0.000382,0.000597,0.000209,0.000154,8.500000000000001e-05,0.000134
0.016759,0.025369,0.04734,0.040556,-52.955741,14.023094,-3.561742,0.686307,0.032396,0.607417,-0.313816,0.234916,-0.373703,-0.335834,-0.051962,-0.441083,-0.353882,0.000172,0.000106,4e-05,8.1e-05,7.2e-05,0.000112,0.000134,0.000107,0.000144,6.8e-05,0.000177,6.1e-05
0.058646,0.042011,0.101352,0.039283,-47.017646,4.593195,-0.139529,0.608452,-0.35524,0.182697,-0.091792,-0.256409,0.327155,0.196468,0.129114,-0.223085,0.227476,4.4e-05,2.8e-05,3.5e-05,3.7e-05,2.2e-05,5.9e-05,3.7e-05,5.5e-05,5.7e-05,4.1e-05,4.7e-05,3.7e-05
0.012721,0.004767,0.006479,0.023663,-54.792347,4.736614,0.502521,0.907627,0.334143,1.033102,0.528926,0.696408,0.642085,0.397371,0.049908,0.260461,0.41401,0.000135,3.5e-05,8.500000000000001e-05,0.000306,7.1e-05,0.000158,4.5e-05,9.1e-05,4.4e-05,3e-05,0.00012,5.3e-05
0.055101,0.033626,0.106314,0.020307,-47.130964,3.991254,-0.545467,1.982685,0.134462,0.06854300000000001,0.165363,0.223893,-0.494544,0.307821,0.125634,-0.135558,0.272167,8.3e-05,4.7e-05,4e-05,4.7e-05,5e-05,0.000113,7.1e-05,6.499999999999999e-05,6.4e-05,6e-05,5.9e-05,5.5e-05
0.042473,0.034567,0.074589,0.056141,-50.461982,6.321543,-1.22693,0.9963649999999999,-0.449347,-0.557453,-0.146101,0.578568,-0.239237,-0.766659,-0.686453,-0.471547,-0.409282,5.2e-05,9e-06,3.3e-05,6.4e-05,1.2e-05,1.6e-05,1e-05,2.3e-05,4e-06,8e-06,2.8e-05,2.7e-05
0.056957,0.02462,0.059473,0.02666,-45.282255,4.028158,0.253907,-0.107005,0.791859,0.532871,0.131528,0.202252,0.228288,0.327083,0.186555,0.051179,0.094167,0.000231,0.000118,0.000292,0.000138,0.000223,0.000189,0.000191,0.000185,0.000129,0.000239,0.000129,0.000211
0.029963,0.021088,0.045322,0.025051,-45.929694,4.322057,0.183269,1.803521,0.478038,0.71877,0.05204,0.323373,0.061206,0.22757,0.051511,0.335902,-0.145249,0.000236,0.000113,9.399999999999999e-05,0.000148,0.000198,0.000352,0.000126,0.000134,0.000129,9.000000000000001e-05,0.000127,0.000106
0.073973,0.07376199999999999,0.133006,0.024453,-46.708038,2.924113,-2.527947,0.449826,-0.120037,0.835383,-0.613259,0.331569,-0.747995,0.13531,-0.155894,1.203882,0.040829,7.2e-05,2.7e-05,5.7e-05,2.5e-05,3.6e-05,8.000000000000001e-05,3.5e-05,5.5e-05,2.4e-05,2.8e-05,2.5e-05,2e-05
0.023433,0.021493,0.033249,0.022659,-48.154045,10.032823,0.889224,0.147845,0.207364,-0.861305,-0.454267,0.09450699999999999,-0.612882,0.03509,-0.349839,-0.361161,-0.455231,0.00068,0.000323,0.000272,0.000192,0.000466,0.000746,0.000172,8.3e-05,0.000509,0.00111,0.000234,0.000323
0.070439,0.039009,0.107009,0.023783,-41.345568,3.608826,0.067055,0.477149,-0.747435,-0.09905899999999999,-0.1343,0.347455,0.144117,0.151028,0.310519,-0.213204,0.041452,0.000257,0.000252,0.000611,0.000509,0.000275,0.000479,0.000249,0.000275,0.000201,0.0005730000000000001,0.001659,0.000412
0.070436,0.028183,0.056571,0.043173,-45.519807,2.826371,0.059192,0.626769,0.359762,0.346357,0.552633,0.00059,-0.078918,0.363893,0.06336899999999999,-0.023039,0.203121,0.000413,0.000387,0.000283,0.000201,0.000155,0.00012,0.000138,0.000154,0.000185,0.000202,0.000338,0.000471
0.039314,0.011905,0.016102,0.023127,-52.295543,5.283062,1.154969,0.7186439999999999,0.617702,0.597269,0.539245,0.515335,-0.053603,0.374926,0.301567,0.227429,0.226874,3e-05,2.7e-05,4.6e-05,5.2e-05,3.9e-05,3.2e-05,2.7e-05,4.2e-05,6.3e-05,7.6e-05,4.7e-05,2.5e-05
0.02698,0.024943,0.050451,0.038742,-52.709251,9.812956,-1.00224,0.991976,-0.823788,0.402279,0.928747,-0.288997,-0.085706,-0.691701,-0.446645,-0.029531,0.43089,4e-05,5.6e-05,4.9e-05,1.6e-05,7.4e-05,3.5e-05,1.7e-05,6.7e-05,2.1e-05,3.3e-05,9e-06,3.9e-05
0.026502,0.023478,0.037706,0.100076,-52.282213,8.082644999999999,-0.892836,2.251147,-0.851276,0.267524,-0.450622,-0.020185,-0.348849,-0.123441,-0.465543,-0.239589,-0.199161,5.4e-05,4.9e-05,1.4e-05,7e-06,3.5e-05,5.1e-05,1.2e-05,3.2e-05,2.9e-05,8e-06,1.6e-05,1.8e-05
0.030124,0.024376,0.054025,0.024696,-50.253402,8.238770000000001,-1.747111,0.104946,0.377461,1.073078,0.004582,0.635005,-0.5823700000000001,0.175625,-0.010729,0.365632,-0.01809,5.9e-05,2.9e-05,2.1e-05,3.7e-05,4.7e-05,0.00021,8.7e-05,2.8e-05,5.6e-05,2e-05,1.8e-05,1.9e-05
0.030855,0.030382,0.060793,0.027299,-51.87222,7.834925,-1.675525,1.089029,-0.21683,0.251445,-0.646966,0.219185,-0.344241,0.196877,-0.133554,-0.130408,-0.697833,5.9e-05,2e-05,7e-06,8e-06,8e-06,1.6e-05,1.6e-05,1.5e-05,1e-05,1.4e-05,4.5e-05,3.5e-05
0.034678,0.024951,0.047789,0.125962,-46.241052,6.203292,-0.682628,1.722247,-0.153431,0.054145,-0.182925,0.031568,-0.427308,-0.50661,-0.218935,-0.052754,0.179685,6.3e-05,0.000155,0.000172,0.000402,0.000119,0.0002,0.000241,6.9e-05,5.6e-05,3.5e-05,7.9e-05,6.7e-05
0.053406,0.022648,0.05221,0.018795,-47.540029,4.365488,-0.171025,0.193278,0.377704,0.782707,0.461355,0.471316,0.140908,-0.065203,0.451569,0.241926,0.018259,6.499999999999999e-05,8.6e-05,0.000113,7.7e-05,0.000131,0.000139,0.000113,0.00015,7.2e-05,3.6e-05,4.2e-05,0.000102
0.039379,0.037489,0.11495,0.104212,-57.162481,11.201149,-5.488679,6.094691,-2.306583,0.195345,0.882315,-1.813066,1.206185,-0.7903,-0.06302199999999999,0.7035090000000001,-0.976813,1.7e-05,4e-06,4e-06,4e-06,7e-06,8e-06,8e-06,2e-05,8e-06,4e-06,6e-06,1e-05
0.018891,0.017393,0.053786,0.07806299999999999,-47.728462,8.163259,-4.398013,-0.080475,-0.9479379999999999,0.187805,-0.199385,0.261909,-0.301159,0.233898,-0.463441,-0.029867,-0.311844,0.000158,0.000132,0.000331,0.000105,3.9e-05,0.00016,0.000274,0.001684,0.000666,0.00012,0.000121,0.000168
0.070219,0.029037,0.052539,0.032723,-43.154288,4.839501,0.116977,0.694891,0.702126,0.135484,0.307973,0.263632,0.246487,0.221167,0.103046,0.255398,0.344985,0.000545,0.000322,0.000568,0.000261,0.000236,0.000284,0.000471,0.0009879999999999999,0.000507,0.000363,0.000274,0.000362
0.028833,0.026067,0.054573,0.035163,-47.769347,10.507165,-3.083793,2.294049,-1.430664,1.157809,-0.391617,0.62862,-0.952438,0.912613,-0.21587,0.832066,-0.655703,0.000107,0.000371,0.000183,0.000235,0.000146,0.000101,0.000424,0.000166,0.000132,7.4e-05,0.000214,0.000256
0.058737,0.024188,0.09471599999999999,0.10537,-43.203163,4.70547,-1.300909,3.044272,-0.768003,-0.33327,0.39355,-0.53903,0.156743,-0.279793,-0.030823,0.271285,-0.06718300000000001,0.000594,0.00042,0.000565,0.000785,0.000583,0.000529,0.000403,0.000586,0.000602,0.000661,0.000616,0.000508
0.073892,0.044526,0.11281,0.017603,-46.397864,3.956616,-0.934507,1.3574,0.088172,0.090033,0.183182,-0.240364,-0.186313,0.329193,0.127379,0.112655,0.043005,3.4e-05,3.5e-05,5.8e-05,5.3e-05,7.2e-05,4e-05,4.3e-05,4.9e-05,6.600000000000001e-05,0.000107,6.7e-05,4.8e-05
0.05054,0.033414,0.077918,0.051548,-45.231505,4.579592,-0.252117,0.609452,-0.409843,0.445059,-0.34544,0.674518,0.5407459999999999,0.013349,0.181879,-0.166091,0.332833,0.000236,0.00014,7.2e-05,5.2e-05,6.3e-05,0.000162,9.7e-05,0.000111,9.1e-05,6.3e-05,0.000113,0.000166
0.026256,0.014462,0.03365,0.046977,-51.550676,5.862049,0.25092,0.766519,0.256476,0.575273,0.183531,0.086883,0.554418,0.5795090000000001,-0.007243,-0.262014,-0.497885,1.7e-05,3e-05,3.9e-05,1.5e-05,2.4e-05,3.4e-05,8.899999999999999e-05,3.8e-05,3.4e-05,4.4e-05,2.6e-05,3.4e-05
0.052043,0.03232,0.07611999999999999,0.113122,-44.546123,4.668879,-0.197661,0.81999,-0.511957,0.09904399999999999,-0.133168,0.198506,0.110294,-0.211761,0.416716,-0.134289,-0.222517,0.000254,0.000117,0.000204,8.4e-05,9.8e-05,6.8e-05,0.000144,0.000279,0.000109,0.000175,9.6e-05,0.000158
0.077157,0.052229,0.219591,0.03575,-44.095563,2.19287,1.138398,0.379936,1.02066,0.7845490000000001,0.396343,0.389254,0.291704,0.342911,0.216858,0.130026,0.184768,0.0005330000000000001,0.000617,0.000531,0.000607,0.000556,0.000339,0.000354,0.000378,0.000331,0.000431,0.000564,0.000565
0.06965499999999999,0.052376,0.126533,0.021257,-45.602533,4.143027,-2.224511,2.534558,-0.810683,0.481216,-0.233312,0.723374,0.21312,0.146075,-0.174378,0.096243,0.101023,0.00014,5.1e-05,6.600000000000001e-05,7.3e-05,5.6e-05,0.000234,6.7e-05,6.4e-05,6e-05,6.600000000000001e-05,8.6e-05,4.9e-05
0.023832,0.016783,0.012568,0.013038,-47.793263,2.964216,0.729335,1.056755,0.92256,0.264468,0.458832,0.415044,-0.075544,0.227996,0.15691,0.285214,0.418014,0.000311,0.000284,0.000202,0.000158,0.000131,0.000124,0.000187,0.00014,0.000122,0.000175,0.000209,0.000398
0.04327,0.032388,0.055947,0.026328,-51.034936,6.141005,-0.558451,0.189571,-0.462827,-0.311574,-0.49068,0.158488,0.160339,0.159071,0.039712,-0.356941,-0.643474,1.6e-05,5e-06,1.3e-05,1.4e-05,3.9e-05,9e-06,1.4e-05,2.6e-05,1e-05,1.8e-05,1.7e-05,8.2e-05
0.043126,0.036763,0.067972,0.02349,-45.52341,6.061245,-0.650384,-0.301478,0.487231,0.234079,-0.078996,-0.416637,0.147295,0.132437,-0.204295,-0.206718,0.343285,0.000172,9.3e-05,0.00021,8.7e-05,5.8e-05,0.000179,8.8e-05,6.999999999999999e-05,5.4e-05,0.000126,0.000127,6.499999999999999e-05
0.01854,0.015673,0.033089,0.045607,-55.020748,10.352287,-1.894264,1.948831,-0.315736,1.31321,-0.246588,0.357408,-0.100704,0.134851,0.197137,0.26596,0.126909,2.3e-05,2.1e-05,7.3e-05,4e-05,1.6e-05,1.9e-05,2.6e-05,2.6e-05,2e-05,3.6e-05,4.2e-05,3e-05
0.01716,0.012264,0.019402,0.032495,-54.728552,7.61564,0.107587,2.949021,0.727144,0.237175,0.600033,0.67037,0.186794,0.178428,-0.74496,0.138119,-0.134525,5e-05,1.3e-05,2.3e-05,2.1e-05,4e-06,9e-06,1e-05,7.499999999999999e-05,8.500000000000001e-05,4.7e-05,0.000127,0.000114
0.038779,0.040874,0.080897,0.017287,-51.125697,4.905671,-0.375328,0.279059,0.099706,-0.612887,-0.12657,0.160376,0.665185,0.596673,0.504429,0.237212,0.483021,7e-06,1.2e-05,7e-06,9e-06,7e-06,1.2e-05,2.2e-05,1.7e-05,1.6e-05,1.5e-05,2e-05,9e-06
0.029704,0.009852,0.011779,0.031351,-53.808103,3.83124,0.254052,1.687311,0.72695,-0.003602,-0.042722,0.259729,0.265045,0.153261,0.095611,0.369071,-0.030259,1.3e-05,8e-06,1.3e-05,2.1e-05,2.6e-05,8.000000000000001e-05,1.9e-05,9e-06,3.5e-05,2.2e-05,5.5e-05,2.9e-05
0.058652,0.035725,0.08712,0.022639,-43.146927,4.473094,-1.663338,0.499043,0.348022,-0.08019900000000001,-0.017254,-0.106128,0.031404,0.193854,-0.090734,-0.094692,-0.054466,0.000209,0.000165,0.000225,0.000229,0.000321,0.000308,0.000188,0.000254,0.000211,0.000259,0.000263,0.000201
0.036055,0.015984,0.037794,0.027199,-45.024493,4.378002,0.057039,0.351096,-0.161737,0.626282,0.548963,0.172728,-0.142432,0.483161,0.6630239999999999,0.007811,0.118803,0.0001,0.000125,0.000296,0.000362,0.000684,0.000197,0.000154,9.7e-05,0.000161,0.000634,0.000597,0.000367
0.016763,0.007858,0.011928,0.047489,-48.835129,4.015864,1.609415,2.273653,1.394354,1.185139,0.413,0.285721,0.009180000000000001,0.568443,-0.650222,0.019967,0.041511,0.000146,0.000343,0.000915,0.00124,0.000362,0.000204,0.000344,0.000936,0.000552,0.000435,0.000207,0.000124
0.020699,0.016903,0.040441,0.0599,-53.63643,9.179959,-2.755174,1.87617,0.903783,1.464643,0.411006,0.9549530000000001,0.139621,0.5465179999999999,-0.167957,-0.102633,-0.154063,2.4e-05,1.1e-05,1e-05,5.5e-05,3.5e-05,1.5e-05,1.6e-05,1.8e-05,0.000135,6.499999999999999e-05,4.6e-05,4.5e-05
0.048162,0.034094,0.062006,0.080009,-50.07611,5.497359,-0.362153,0.577251,-0.649311,0.152952,0.218035,0.306909,-0.315263,-0.346945,0.046052,-0.240708,-0.106192,2.3e-05,1.7e-05,4.1e-05,1.2e-05,1.1e-05,3.5e-05,1.4e-05,1.7e-05,8e-06,1.2e-05,2.8e-05,1.2e-05
0.030964,0.01151,0.018222,0.02805,-48.388888,4.248503,1.052556,1.658537,-0.084023,0.361239,0.661682,-0.241334,0.000212,0.066398,-0.046271,0.388534,-0.073578,0.000131,0.000137,0.000177,0.000175,0.000166,0.000145,0.000283,0.000255,0.000112,0.000137,0.000117,0.000146
0.022499,0.02291,0.042411,0.136617,-55.995719,13.237128,-2.758541,0.478746,0.970364,0.393827,-0.696111,0.015771,-1.219484,-0.35779,0.676529,-0.728128,-0.013029,1.5e-05,7.7e-05,2e-05,4.1e-05,5.7e-05,2.1e-05,9.3e-05,2.3e-05,3.9e-05,3.6e-05,1.2e-05,2.5e-05
0.020759,0.009655,0.018826,0.069637,-55.271694,9.562734000000001,-0.6646339999999999,0.670393,0.832273,0.38706,0.429652,0.196618,-0.095509,-0.23465,0.083703,-0.479283,-0.889451,2.6e-05,1.5e-05,1.6e-05,1.3e-05,2.3e-05,2.7e-05,3.6e-05,6.4e-05,0.000149,0.000177,9.6e-05,5.7e-05
0.01595,0.020471,0.029955,0.034143,-64.664935,16.270639,-1.848095,2.680147,-1.005006,-0.236392,-1.116399,0.101626,0.705066,0.021409,-0.318699,0.307897,0.273957,1.4e-05,3e-06,4e-06,1e-06,6e-06,3.7e-05,9e-06,1.8e-05,6e-06,1.8e-05,1.4e-05,4e-06
0.016296,0.013922,0.031412,0.028419,-50.752153,6.208314,-0.510846,1.164261,0.056109,0.294311,-0.087671,0.149056,-0.149384,0.017441,-0.438103,-0.203448,0.340468,7.4e-05,0.0001,4.4e-05,3.5e-05,3.4e-05,7.3e-05,9.399999999999999e-05,4.7e-05,4.2e-05,1.9e-05,2.1e-05,5e-05
0.036528,0.034097,0.066221,0.070882,-53.05511,5.424093,-0.367278,0.583251,-0.244327,0.503898,-0.778054,-0.467193,-0.179472,0.115233,0.351036,-0.292326,-0.057454,6e-06,5e-06,6e-06,6e-06,6e-06,7e-06,8e-06,7e-06,7e-06,8e-06,9e-06,9e-06
0.044208,0.027944,0.053931,0.022883,-46.048631,4.968743,-0.146122,0.527079,-0.397381,0.376498,-0.030011,0.057743,-0.377004,0.11702,0.206529,0.507887,-0.114781,5.7e-05,2.9e-05,6.9e-05,2.7e-05,6.3e-05,0.000229,5.3e-05,1.8e-05,3.6e-05,0.000125,0.000407,0.000131
0.038503,0.031908,0.08028399999999999,0.024107,-50.326526,5.865984,-2.808487,1.422853,0.453819,0.229895,-0.334828,0.020027,0.037994,0.58,-0.011649,0.02313,0.083997,3.6e-05,3.8e-05,1.5e-05,1.7e-05,1.3e-05,3e-05,4e-05,2.1e-05,2.6e-05,2.6e-05,4.3e-05,3.2e-05
0.031762,0.024356,0.049088,0.058339,-53.317473,6.669413,-0.667835,1.828096,-0.369366,1.305294,-0.426961,0.232496,-0.219778,-0.558931,0.220674,-0.412137,0.197426,8e-06,1.1e-05,1e-05,1.4e-05,3.2e-05,1.5e-05,2.2e-05,9e-06,4e-06,7e-06,4e-06,8e-06
0.048828,0.027242,0.031678,0.06579599999999999,-50.020194,5.707732,1.983119,0.575761,0.190145,0.026828,-0.01355,-0.111452,-0.079538,0.005108,0.133309,0.036889,-0.084979,2.8e-05,2.9e-05,0.000107,5.3e-05,2.4e-05,2.8e-05,2.2e-05,8.000000000000001e-05,0.000179,5.9e-05,5e-05,2.2e-05
0.03155,0.021343,0.035816,0.025332,-47.034478,5.820318,1.188894,0.8858740000000001,0.708694,0.380143,-0.169199,0.161987,-0.443981,0.621577,0.234165,0.109703,0.090743,0.000131,6.3e-05,0.000103,0.000219,8.6e-05,8.4e-05,5.6e-05,0.000116,0.000101,8.8e-05,0.000342,0.000164
0.050585,0.029515,0.045961,0.064066,-43.319841,3.66406,1.331062,1.527458,0.882165,0.595451,0.490309,0.174399,-0.608092,-0.477839,-0.057462,0.273116,-0.026981,0.000907,0.000589,0.000529,0.000446,0.0006669999999999999,0.000441,0.000442,0.000594,0.000432,0.000412,0.000351,0.000595
0.017591,0.011672,0.023734,0.0561,-58.149226,10.557229,-0.365823,0.748916,0.461822,0.45005,-0.242096,0.930369,1.195405,-0.875798,-1.091082,0.079333,0.065276,1.1e-05,4e-06,3.6e-05,0.000168,3.6e-05,3e-06,9e-06,2.6e-05,6e-06,9e-06,2.8e-05,8e-06
0.027094,0.021332,0.047813,0.047171,-41.162781,6.136685,-0.374085,0.191869,0.648489,0.280058,0.502046,0.606715,0.236133,0.409155,0.08273800000000001,0.171494,-0.037764,0.000382,0.002072,0.000858,0.00147,0.000807,0.000373,0.000992,0.000563,0.002458,0.001194,0.000743,0.000655
0.035842,0.029022,0.059684,0.069088,-46.866303,5.445969,-0.275074,0.823673,-0.323476,0.325054,0.242973,0.682949,0.104356,0.690757,-0.433287,0.148041,0.119022,8.3e-05,4.4e-05,0.000123,3e-05,5.6e-05,6.499999999999999e-05,2.7e-05,4.9e-05,5.4e-05,0.000197,6.600000000000001e-05,4.6e-05
0.022968,0.014773,0.026686,0.031944,-50.543039,5.842394,0.172016,1.563984,0.292588,0.833373,0.09797699999999999,0.399936,0.046375,0.120082,0.131064,0.397935,0.06208,0.000251,5.5e-05,1.3e-05,6e-06,1.7e-05,6.8e-05,1.8e-05,3.5e-05,1.3e-05,2.9e-05,7.7e-05,8.4e-05
0.036523,0.032286,0.047407,0.046387,-47.678898,7.471398,-1.03802,0.026583,-1.261013,-0.314389,-0.682974,-0.265648,-0.134551,0.107804,0.318054,0.116686,-0.002982,4.7e-05,2.1e-05,4.2e-05,9.899999999999999e-05,8.7e-05,2.8e-05,0.000142,0.000301,7.4e-05,0.000221,4.8e-05,9.3e-05
0.016661,0.011925,0.023643,0.059991,-53.225965,5.974423,-0.242891,0.990987,1.22169,0.429684,0.012364,-0.058711,0.022331,0.198372,0.003841,0.337599,0.519445,2.2e-05,3.9e-05,2.9e-05,3.3e-05,1.3e-05,2e-05,9e-06,1.5e-05,2.9e-05,3.4e-05,6.3e-05,3.8e-05
0.027741,0.019083,0.039208,0.03683,-51.620572,5.748156,-0.529546,1.50244,-0.20126,0.465494,-0.317242,0.241434,-0.129881,0.390845,0.259895,0.033719,0.302301,2.3e-05,2e-05,1.8e-05,1.3e-05,2.9e-05,1.2e-05,1.7e-05,1.1e-05,8e-06,2.3e-05,4e-05,5.2e-05
0.06165,0.062493,0.113557,0.080001,-53.455607,3.516888,-1.650764,-0.75181,-0.60268,0.042018,-0.479059,-0.115014,-0.703248,-0.176831,-0.521427,-0.200431,-0.106128,2e-06,3e-06,3e-06,6e-06,2e-06,5e-06,2e-06,2e-06,4e-06,2e-06,4e-06,3e-06
0.055138,0.040401,0.13261,0.022471,-45.012355,3.53679,-0.528606,3.206336,-0.22154,0.043422,0.401779,0.142078,0.591794,0.029202,-0.356622,-0.7109,-0.377417,0.000223,0.000152,0.000132,0.000155,0.000107,7.6e-05,8.7e-05,0.000267,0.000293,0.000207,0.000166,0.00014
0.048942,0.03284,0.080314,0.116568,-45.816449,4.303541,-0.987296,0.259649,1.522803,1.203235,-0.246483,0.124241,0.902892,0.313807,-0.252973,0.308216,0.313651,0.000276,0.000178,9.500000000000001e-05,0.000106,8.000000000000001e-05,0.000142,6.3e-05,6.8e-05,9.899999999999999e-05,0.000115,0.000236,0.000238
0.0264,0.020741,0.028375,0.024486,-50.690963,5.192132,1.135169,1.663617,0.502541,-0.224666,0.749113,0.140951,-0.052751,0.046081,0.026207,-0.241893,0.117725,7.9e-05,5.6e-05,6.499999999999999e-05,3.2e-05,2.5e-05,2e-05,1.6e-05,2.3e-05,1.8e-05,2.4e-05,2.6e-05,3.6e-05
0.024262,0.029265,0.039916,0.092428,-55.626704,9.886255999999999,-0.916195,0.7781709999999999,-0.8478019999999999,-0.695607,-0.980359,-0.046491,1.031958,0.361085,-0.46969,-0.216909,-0.324428,3.7e-05,7e-06,1.2e-05,3e-06,3e-06,1.5e-05,8e-06,4.2e-05,6e-06,5e-06,3e-05,1e-05
0.048129,0.051099,0.117491,0.077114,-44.915867,5.840075,-2.340361,2.364948,-1.425193,-0.477073,0.432636,-0.261674,-0.009951,-0.042032,0.135176,0.40985,-0.799596,0.000103,0.000144,8.899999999999999e-05,0.000132,0.000106,0.000111,0.000244,0.000132,9.899999999999999e-05,9.000000000000001e-05,0.000128,0.000157
0.059848,0.034946,0.126485,0.029888,-41.704092,2.565895,-0.030168,0.886143,-0.190882,0.927083,0.404944,0.345482,0.423367,0.494131,0.40647,0.213691,0.07803499999999999,0.000283,0.000279,0.000474,0.000575,0.000347,0.000586,0.000456,0.000646,0.00039,0.000366,0.000566,0.000387
0.060091,0.023938,0.07166,0.022933,-42.975957,3.409,-0.5256999999999999,0.911639,-0.093843,0.623939,0.407541,0.447302,0.027164,-0.108655,0.144784,0.234596,0.221802,0.000224,0.000166,0.00025,0.000377,0.000425,0.000945,0.000301,0.000198,0.000208,0.000356,0.000709,0.000274
0.063028,0.049114,0.13378,0.022375,-47.021572,3.004793,-0.359997,0.828018,0.182603,0.353757,-0.342112,0.616528,0.848805,0.452739,-0.138717,-0.143768,0.382941,5.3e-05,4.3e-05,4e-05,5.2e-05,4e-05,3.6e-05,4e-05,4.2e-05,3.8e-05,6e-05,5.6e-05,4.6e-05
0.033475,0.023709,0.070491,0.015843,-40.05134,4.733784,-1.404605,0.478202,0.190487,0.222235,-0.001923,-0.067178,0.5326379999999999,0.185136,0.270957,0.21011,0.100103,0.000816,0.003359,0.001819,0.000914,0.0005330000000000001,0.000508,0.0005330000000000001,0.0006579999999999999,0.001557,0.000816,0.000842,0.00053
0.031206,0.022958,0.045734,0.029495,-46.604093,6.610861,-0.88232,1.364342,-0.293351,-0.044134,-0.114556,0.194625,-0.177345,-0.152837,-0.052259,-0.122227,-0.06439300000000001,8.8e-05,0.000105,0.000176,9.000000000000001e-05,0.000111,8.500000000000001e-05,7.7e-05,0.000133,7.2e-05,0.000286,0.000173,9.500000000000001e-05
0.057627,0.041334,0.099938,0.041812,-39.946934,4.150069,-0.901945,0.611143,-0.231853,0.682871,0.03696,0.245667,0.296024,0.101915,-0.09246799999999999,0.100584,-0.195796,0.000866,0.000488,0.00063,0.000468,0.00048,0.000482,0.000405,0.000762,0.000421,0.000502,0.000695,0.000768
0.025899,0.024389,0.035559,0.101584,-52.450067,7.630171,-1.2473,2.571621,-0.08678,0.294647,-0.584363,-0.328797,-0.651595,0.262269,-0.000849,-0.03051,-0.645692,2.2e-05,8.2e-05,1.5e-05,2e-06,6e-06,3.5e-05,1.3e-05,7e-06,7e-06,2.2e-05,7.9e-05,1.3e-05
0.054212,0.034637,0.133061,0.022267,-44.068203,1.753647,0.437322,2.093098,-0.293112,0.586248,0.119279,0.805758,-0.206291,0.392387,0.01847,0.450393,-0.08119,0.000327,0.000439,0.000274,0.000184,0.000218,0.000226,0.00035,0.000365,0.000258,0.00021,0.000227,0.00031
0.049728,0.03908,0.084962,0.021839,-43.594684,4.2907,-0.198445,0.361877,-0.437173,0.522633,-0.415917,-0.306877,-0.245489,-0.215998,0.083967,0.09764200000000001,-0.116338,0.00017,0.000128,9.8e-05,0.000107,0.000259,0.00045,0.00014,0.00013,0.000101,0.000162,0.000309,0.000136
0.034712,0.021057,0.044178,0.02053,-48.861828,6.201658,0.493969,0.036133,0.05449,0.529027,0.380762,0.55081,0.1347,0.082958,-0.402993,0.032311,0.043344,0.000192,6.7e-05,7.6e-05,0.0002,5.4e-05,3.6e-05,4.1e-05,8.7e-05,6.8e-05,3.9e-05,5.4e-05,6e-05
0.056632,0.048591,0.141878,0.029757,-40.647254,3.675028,-0.103518,0.915959,0.138932,0.746458,-0.38901,-0.048877,-0.185974,0.274923,-0.173979,0.768431,-0.614459,0.000242,0.000759,0.000386,0.000513,0.000208,0.000321,0.000825,0.000346,0.000364,0.000228,0.000443,0.0002
0.025101,0.023895,0.035624,0.08064,-53.468859,10.073191,-0.757723,1.557198,-1.256861,-0.553912,-0.292207,0.497207,0.08389199999999999,-0.004972,0.4133,0.234986,-0.110888,1.6e-05,2e-05,2.6e-05,4.6e-05,2.6e-05,9.6e-05,4.6e-05,1.9e-05,3.8e-05,4e-05,9.8e-05,3.4e-05
0.027485,0.030884,0.053199,0.081159,-53.844328,7.677858,-1.233037,0.449835,-1.441989,0.700717,0.584964,0.07664600000000001,0.375561,0.021295,0.732442,-0.345018,-0.024163,8e-06,1e-05,1.5e-05,2.9e-05,6e-06,7e-06,6e-06,3e-06,3e-06,1.5e-05,2.7e-05,6e-06
0.050027,0.029591,0.063233,0.033119,-43.578614,4.598019,0.235608,1.178898,-0.492753,0.241987,-0.397911,-0.16838,0.423315,-0.307374,0.387027,0.478175,0.089534,0.000226,0.000312,0.000237,0.000288,0.000222,0.00041,0.00034,0.000213,0.000335,0.000253,0.000337,0.000218
0.03575,0.023042,0.047681,0.027678,-46.294863,6.292483,-0.436208,1.505003,0.787621,-0.276314,-0.117996,-0.701387,-0.024703,0.191361,0.276606,0.158791,0.118813,0.00023,0.000106,0.000256,0.00014,6.3e-05,0.000174,8.1e-05,0.00022,8.1e-05,0.000121,0.00018,0.00017
0.039852,0.016109,0.025187,0.030796,-49.858518,4.578127,1.091164,0.927202,-0.0055,0.173261,-0.017065,0.243665,-0.026141,0.026799,-0.100893,0.09074599999999999,0.24994,0.00011,0.00014,4.9e-05,5e-05,8.4e-05,9.3e-05,0.00011,3.3e-05,2.5e-05,4.3e-05,2e-05,6.2e-05
0.091151,0.060117,0.26316,0.059255,-44.878824,4.179494,2.229764,0.015092,0.3094,0.00476,0.374882,0.198288,0.350312,0.150607,0.007822000000000001,-0.285193,-0.214211,0.00022,0.000144,0.000234,0.000275,0.000336,0.000159,0.000117,0.000167,0.00015,0.00027,0.00018,0.000428
0.079259,0.044029,0.142719,0.056855,-42.032621,2.969306,0.788398,0.6996790000000001,0.306132,0.557894,0.149944,-0.076164,-0.077422,0.029689,0.138686,0.045402,-0.108964,0.000564,0.000539,0.00051,0.000505,0.000363,0.00043,0.000433,0.000449,0.000474,0.000482,0.000481,0.000503
0.06936,0.065375,0.116908,0.091442,-40.459906,4.39382,-2.311759,1.018188,-0.808681,-0.344216,0.6110719999999999,0.495425,0.008744999999999999,-0.018271,0.321234,0.014845,-0.365015,0.000425,0.000381,0.000679,0.000828,0.000553,0.000427,0.00027,0.000379,0.0003,0.000344,0.00053,0.000298
0.123822,0.073196,0.196385,0.07145,-40.740903,2.359167,-0.055313,1.089868,-0.143712,0.583081,0.363147,0.670088,0.158341,-0.07491399999999999,-0.095372,-0.178781,0.196884,0.000485,0.00043,0.000566,0.000411,0.000498,0.000432,0.000718,0.000711,0.000408,0.000485,0.000473,0.000685
0.052665,0.039457,0.09771100000000001,0.07521700000000001,-49.316846,4.504752,0.347393,1.548112,-0.739521,0.427571,-0.140297,0.485374,-0.865034,-0.279347,-0.273845,0.052217,0.598343,1.5e-05,1.4e-05,5.6e-05,3.4e-05,1.7e-05,5.1e-05,1.5e-05,1e-05,1.2e-05,1e-05,3.7e-05,8e-06
0.028495,0.024446,0.041573,0.025348,-46.389802,6.583383,0.023602,0.86736,0.411889,0.038447,-0.5388579999999999,0.10957,0.129992,0.110271,0.127268,0.042606,0.156607,0.000153,0.000268,9.6e-05,9.399999999999999e-05,7.3e-05,0.0003,7.499999999999999e-05,7.2e-05,9.8e-05,8.000000000000001e-05,0.000184,7.2e-05
0.07267999999999999,0.029531,0.052758,0.040934,-48.93843,6.142713,-0.256018,0.943231,-0.326494,-0.160601,-0.17149,-0.170504,-0.208702,-0.505772,0.009150999999999999,-0.309692,-0.145646,0.00012,3.5e-05,6.999999999999999e-05,4.4e-05,1.7e-05,3.7e-05,5.8e-05,7.2e-05,2e-05,1.4e-05,3.2e-05,2.3e-05
0.064737,0.0318,0.070518,0.031945,-43.660104,4.682159,-0.171483,1.16764,0.420287,-0.192136,-0.049398,-0.326302,-0.002982,-0.3835,0.106008,-0.020082,0.04094,0.000217,0.000454,0.000272,0.000642,0.000572,0.000217,0.000352,0.000271,0.000243,0.000186,0.000282,0.000181
0.021925,0.009559,0.012715,0.060913,-51.569717,4.436482,1.173423,2.233303,0.04581,0.907677,-0.026189,0.819716,0.253249,0.341897,-0.079092,-0.252522,-0.015026,2.7e-05,3.5e-05,3.2e-05,0.00014,0.000235,5.6e-05,1.5e-05,4.8e-05,0.000242,5.8e-05,2.4e-05,4.3e-05
0.036979,0.030109,0.058359,0.039803,-42.988943,6.255708,-0.543842,0.542284,-0.715504,1.109171,0.556215,-0.27992,0.039012,0.27063,0.184342,0.011464,-0.329556,0.00029,0.000211,0.000279,0.000588,0.000307,0.000528,0.000487,0.000831,0.00036,0.000122,0.000207,0.000171
0.049403,0.043516,0.091692,0.028132,-43.928718,4.828123,-1.525954,1.596784,-0.561531,-0.53553,-0.673264,-0.286386,0.76778,-0.035338,-0.022605,0.421465,0.118125,0.000177,0.00012,0.000267,0.000166,8.1e-05,0.000114,8.500000000000001e-05,0.00025,0.000167,0.000204,0.000303,0.000132
0.045774,0.040649,0.078651,0.122373,-56.393787,12.626368,-7.114376,4.219658,-2.058939,-1.052321,1.053711,-2.419968,0.741183,0.021251,-0.424253,0.976973,-0.826864,9e-06,6e-06,4e-06,8e-06,8e-06,2.1e-05,1.4e-05,2e-05,2.8e-05,1.7e-05,1.5e-05,9e-06
0.031098,0.021465,0.036522,0.03407,-48.046873,6.200475,0.272515,1.235601,-0.426665,0.492023,-0.206708,-0.171993,0.23594,-0.378052,0.499067,0.002388,0.090699,8.3e-05,0.000101,6.8e-05,5.3e-05,6.7e-05,0.000164,0.000118,5.4e-05,0.000187,9.7e-05,7.3e-05,4.7e-05
0.033463,0.024445,0.052123,0.088143,-41.9537,4.718024,0.625447,0.515674,0.187436,0.666656,0.194302,0.277651,0.121933,0.410797,0.08541,0.11443,-0.222268,0.000555,0.000265,0.00037,0.00032,0.000368,0.001401,0.00038,0.000655,0.000506,0.000596,0.0005,0.00035
0.024223,0.012956,0.022599,0.014876,-53.813473,6.596232,0.825223,0.984931,0.43977,0.689856,0.160341,0.095805,-0.039141,-0.007391,-0.04383,-0.029663,0.238066,1.9e-05,1.5e-05,4.3e-05,2.2e-05,1e-05,3e-05,5.9e-05,4.3e-05,1.5e-05,1.7e-05,2e-05,1.9e-05
0.031161,0.015904,0.01812,0.024148,-51.524657,4.792331,0.072972,1.036108,1.441255,0.7835029999999999,1.134932,0.504987,0.147902,0.626022,0.628769,0.072419,-0.132528,2e-05,2.1e-05,1.8e-05,1.7e-05,1e-05,6.7e-05,3.5e-05,9e-06,2.2e-05,4.3e-05,0.000353,0.000172
0.020612,0.020347,0.035594,0.08834699999999999,-57.630631,9.424004999999999,-1.171682,2.077812,-0.3466,0.09521,-0.422604,-0.009849999999999999,0.407691,0.126047,0.243321,-0.074589,-0.115779,1e-06,6e-06,6e-06,1.6e-05,3e-06,7e-06,1.3e-05,3e-06,6e-06,4e-06,1.7e-05,5e-06
0.051723,0.03311,0.09064999999999999,0.053595,-44.373296,1.851951,2.059329,1.452811,0.493414,0.646012,0.221142,0.302406,0.1457,0.230417,0.048569,-0.06707,-0.086005,0.000995,0.000709,0.000699,0.000458,0.000345,0.000358,0.000362,0.000574,0.0005330000000000001,0.000442,0.000535,0.000648
0.035192,0.019177,0.040534,0.030386,-46.860227,5.416436,-1.064297,3.403495,0.552966,0.382532,0.347881,0.185654,-0.12452,0.536996,-0.502483,0.461801,-0.08047700000000001,0.000266,0.000115,0.000141,8.4e-05,0.000182,0.000675,0.000195,0.000165,0.000193,0.000196,7.3e-05,6.1e-05
0.042355,0.027074,0.05653,0.025467,-47.551768,5.513712,-0.703939,1.02901,-0.894718,0.244374,0.013601,0.5384370000000001,-0.496539,-0.492069,-0.000888,0.042877,0.071885,0.000125,6.3e-05,4.3e-05,8.6e-05,4.1e-05,3.5e-05,5.4e-05,7.9e-05,4e-05,4.3e-05,6.499999999999999e-05,7.6e-05
0.032677,0.025666,0.051105,0.021995,-45.281988,8.134042000000001,-1.458176,0.796459,-0.371607,0.375519,-0.10071,-0.476553,0.669134,-0.071008,0.978221,0.049983,0.182367,0.000354,0.000131,6.3e-05,7.9e-05,0.000222,0.000266,0.000191,0.0005820000000000001,0.000265,0.000334,0.000637,0.000309
0.01591,0.011414,0.018836,0.023476,-50.839584,6.308875,0.448185,1.292283,-0.01852,1.10996,0.07169,0.211651,0.744926,0.959461,0.528467,-0.431352,-0.453166,0.000109,3.8e-05,9.1e-05,3e-05,6.7e-05,0.000294,8.3e-05,0.000223,5.2e-05,3.8e-05,3.8e-05,0.00015
0.032194,0.031569,0.041649,0.044034,-54.431193,6.609335,-1.217134,0.984355,-1.966103,-0.528845,-1.062794,-0.21787,-0.157877,-0.090909,0.108774,0.5361089999999999,0.40147,6e-06,6e-06,4e-06,7e-06,2.6e-05,2.4e-05,7e-06,5e-06,1.3e-05,1e-05,2e-06,4e-06
0.038016,0.02062,0.055588,0.029328,-45.001655,4.9112,-0.843415,1.788105,-0.28046,0.929315,0.129135,0.158483,0.059032,0.356706,0.180784,0.224968,-0.07649400000000001,0.000139,0.000148,0.000126,0.000177,0.00014,0.000265,0.000191,0.000217,0.00027,0.000258,0.000439,0.00019
0.022002,0.015262,0.037516,0.024617,-55.055408,7.28773,-0.918238,2.006071,-1.102554,0.154199,0.458065,1.050533,0.678515,0.69108,0.207127,0.057454,0.301928,1.7e-05,2.8e-05,4e-05,1.3e-05,9e-06,1.5e-05,6e-06,8e-06,1.4e-05,2.1e-05,1e-05,1.1e-05
0.011385,0.007776,0.013254,0.03341,-52.849052,8.791819,-0.125834,2.39387,0.185621,0.487519,0.064859,0.898633,0.176245,0.396108,-0.016277,-0.09492,-0.198938,0.000298,0.000137,9.500000000000001e-05,9.7e-05,0.000171,0.000246,0.000483,0.000437,9.8e-05,0.0001,0.000124,0.000271
0.06802900000000001,0.025703,0.039192,0.043368,-43.608116,3.553991,0.306295,0.443767,0.577928,0.313155,0.126619,0.102994,0.272686,0.167638,-0.209231,-0.108182,-0.010776,0.000798,0.000907,0.00032,0.000273,0.000181,0.000328,0.000241,0.000452,0.001463,0.000476,0.000367,0.000807
0.027522,0.018891,0.060766,0.160721,-42.120937,5.133747,-1.429159,0.491365,0.6203880000000001,0.677556,0.07358099999999999,0.379401,0.496924,0.36527,0.336054,-0.127797,0.263378,0.001107,0.000911,0.000401,0.000532,0.000506,0.000366,0.000332,0.000937,0.000803,0.001298,0.001202,0.00056
0.010409,0.006391,0.007669,0.027367,-53.984641,5.630108,1.358671,2.078115,1.071701,0.238034,0.934692,0.646065,0.776216,0.173309,0.101139,0.267667,0.509773,9.3e-05,5e-05,6.3e-05,0.000283,0.001642,0.000312,6.2e-05,7.6e-05,0.000182,0.000577,0.000443,0.000184
0.042349,0.020914,0.031289,0.03202,-49.551277,6.895459,0.566289,0.9483780000000001,0.736932,0.137465,-0.661451,-0.286511,-0.296549,0.349006,-0.171055,0.285931,-0.043987,5.1e-05,7.6e-05,0.0001,9.2e-05,4.1e-05,3.3e-05,4.8e-05,8.1e-05,8.000000000000001e-05,6e-05,6e-05,5.5e-05
0.018223,0.009691,0.017606,0.016127,-52.375507,6.43065,0.017157,1.486291,0.370513,1.238669,0.093599,0.272889,-0.121882,0.151601,0.155335,-0.304036,0.071742,3.7e-05,7.2e-05,9.399999999999999e-05,0.000171,7.1e-05,5e-05,3.7e-05,7.2e-05,6.7e-05,3.9e-05,8.899999999999999e-05,3.8e-05
0.053061,0.042923,0.083372,0.037306,-43.258363,5.517276,-2.044831,0.555835,-0.639012,-0.05628,-0.453012,0.236618,0.176535,0.602175,0.027318,0.286535,-0.436509,0.000163,0.000149,0.000175,0.000174,0.00013,0.00017,0.000163,0.000195,0.000187,0.000207,0.000522,0.000369
0.066994,0.044873,0.125072,0.04129,-40.99182,2.565082,-1.401675,0.622766,-0.299753,0.656236,0.072656,0.756356,0.306348,0.40815,-0.050969,0.497048,0.235784,0.00031,0.000278,0.000419,0.001117,0.000439,0.000262,0.00024,0.000263,0.000471,0.000459,0.000567,0.000335
0.018898,0.009407,0.019443,0.054326,-50.129257,5.704836,0.709537,2.100409,-0.182652,0.049602,0.114054,0.118269,0.189345,-0.049177,0.183624,-0.084867,0.163957,0.00013,0.0001,7.9e-05,5.6e-05,0.000171,0.000117,4.6e-05,4.3e-05,9.500000000000001e-05,0.000231,0.00021,0.000181
0.04873,0.03685,0.07389900000000001,0.104715,-61.318762,6.674313,-1.327741,0.918679,-0.472076,-0.784732,0.417802,0.598709,-0.349877,0.485083,-0.291143,-0.652407,0.285713,0,0,1e-06,1e-06,0,0,0,0,0,0,1e-06,0
0.025129,0.01259,0.013391,0.023014,-49.625726,3.616766,0.906639,2.41315,0.295503,-0.548748,0.733455,1.076123,0.156347,0.021491,0.249466,0.212499,0.03032,8.3e-05,4e-05,4.4e-05,0.000137,0.000111,0.000291,0.000153,0.000317,9.899999999999999e-05,4.7e-05,9.399999999999999e-05,4.4e-05
0.075514,0.07734199999999999,0.129862,0.023105,-43.57893,2.664275,-2.590409,0.198156,-0.832904,0.075448,-0.18559,0.896942,-0.257638,-0.052526,0.03741,1.263477,-0.056612,0.00027,0.000112,0.000435,9.8e-05,0.000107,0.000171,7.8e-05,0.000205,6.499999999999999e-05,6.3e-05,5.4e-05,7.6e-05
0.026453,0.024783,0.040395,0.109575,-48.515986,10.161609,-2.715473,2.02524,-1.610131,1.315574,-1.461885,0.459457,-0.9297299999999999,0.085649,-1.12567,0.220555,-0.99776,0.000424,0.000329,0.000169,0.000351,0.000119,4.2e-05,3.8e-05,0.000198,0.000344,0.000162,0.000197,0.000103
0.044878,0.035952,0.063168,0.053328,-47.859855,5.724874,-0.67989,0.658344,-1.06792,-0.085928,-0.042462,0.402061,-0.365528,-0.261915,-0.040093,-0.561324,-0.306838,4.9e-05,2.9e-05,6.499999999999999e-05,2.7e-05,1.9e-05,5.4e-05,2.2e-05,3e-05,1.8e-05,5.2e-05,0.000147,4.1e-05
0.030569,0.018336,0.039679,0.043767,-46.296852,5.865066,-0.168126,0.977517,-1.02669,0.345306,-0.802701,0.473468,0.516639,0.163595,-0.099235,0.08541,0.379813,8.500000000000001e-05,0.000142,8.7e-05,0.000211,9.6e-05,0.000202,0.000358,0.000191,0.00033,0.000136,0.000204,7.4e-05
0.042736,0.017446,0.008921999999999999,0.102459,-47.778059,1.881092,0.6743749999999999,0.868528,0.993892,0.702092,0.351638,0.576211,0.430405,0.471779,0.200338,0.168089,-0.018146,0.000289,0.000236,0.000201,0.000199,0.000242,0.000251,0.000208,0.000222,0.000357,0.000344,0.000364,0.000289
0.036218,0.022156,0.050181,0.017889,-47.131397,5.137582,-0.190308,1.545471,0.169557,0.299696,0.050213,0.348562,-0.153564,0.151084,0.089847,0.055702,0.157406,0.000206,7.499999999999999e-05,4.2e-05,3.5e-05,7.2e-05,0.000172,7.4e-05,7.7e-05,6e-05,7.1e-05,0.0001,7.7e-05
0.07982300000000001,0.05699,0.162456,0.037091,-42.711876,2.937504,-0.520462,-0.331206,0.051856,0.666861,0.28893,0.030911,-0.09897499999999999,-0.542891,0.052064,0.364673,0.498689,0.000252,0.000311,0.000452,0.000596,0.000404,0.000349,0.000273,0.000214,0.000297,0.000232,0.000198,0.000166
0.012107,0.006301,0.008449999999999999,0.03392,-54.41926,5.759322,1.138975,0.278084,0.624915,1.201278,0.393468,-0.280455,-0.268478,0.315441,0.165858,0.25485,0.05937,9.3e-05,4e-05,4.4e-05,4.4e-05,6.9e-05,9.899999999999999e-05,5.2e-05,0.000127,3.7e-05,3.4e-05,4.2e-05,9.3e-05
0.04322,0.025454,0.061031,0.023006,-49.017018,5.376744,-0.802507,1.418806,-0.476308,0.044915,-0.108579,-0.055954,-0.707932,-0.256534,0.545736,-0.09077,-0.068408,8.899999999999999e-05,3.3e-05,5.5e-05,3.3e-05,9.3e-05,4.9e-05,2.6e-05,7.6e-05,3.1e-05,2.9e-05,1.1e-05,3.4e-05
0.048716,0.040711,0.08584899999999999,0.040746,-39.190249,4.438484,-0.648003,0.583024,-0.851916,-0.08425000000000001,-0.5097,1.853221,1.031113,0.223177,-0.312947,0.087828,-0.07395699999999999,0.002385,0.002393,0.000947,0.000665,0.0005330000000000001,0.000782,0.0006579999999999999,0.000397,0.000505,0.000539,0.001556,0.001814
0.027815,0.014462,0.029989,0.020613,-44.507646,4.003536,0.565801,0.625628,0.076985,0.218995,-0.027048,0.289114,0.242107,0.11901,0.360315,0.259848,0.013943,0.000283,0.000161,0.000137,0.000241,0.000279,0.000596,0.000225,0.000214,0.000247,0.000519,0.001365,0.000435
0.016636,0.01102,0.013242,0.01692,-49.241483,5.345693,0.104913,1.853001,1.50909,0.801843,1.241837,1.543169,0.210989,0.222736,-0.171232,0.365432,0.194366,0.000278,8.899999999999999e-05,0.00027,0.000544,0.0002,0.000516,0.000164,0.000285,0.000134,0.000319,0.000275,0.000123
0.042418,0.008644000000000001,0.012136,0.032701,-47.509743,4.613864,0.6226,0.58767,1.199455,0.025873,0.082943,0.330177,-0.043662,-0.232587,0.129783,0.307154,0.192434,0.000322,0.000375,0.000376,0.000564,0.000343,0.000236,0.000201,0.000388,0.000423,0.000344,0.000281,0.000227
0.03231,0.015499,0.029939,0.037849,-48.112752,4.856211,-0.45437,2.467208,-0.537847,0.559053,-0.141806,0.555074,-0.124781,0.320296,0.401381,-0.208054,0.282508,0.000224,0.000147,0.000219,7.6e-05,3.7e-05,5.8e-05,7.8e-05,0.000186,6.9e-05,0.000113,6.999999999999999e-05,8.500000000000001e-05
0.044405,0.042245,0.072938,0.059265,-45.224091,4.782524,-0.27501,0.115211,-0.588391,0.042695,-0.492292,-0.779792,-0.622654,-0.190187,0.07605199999999999,0.315328,-0.245808,5.1e-05,8.500000000000001e-05,8.3e-05,0.000109,6.8e-05,9.8e-05,0.000205,0.000119,7.4e-05,7.3e-05,7.499999999999999e-05,4.3e-05
0.054388,0.029829,0.04678,0.023036,-47.622211,6.865483,-0.02981,0.303254,-0.236537,-0.01169,-0.555872,0.160593,0.145462,0.449368,-0.254507,0.423046,0.440093,3.8e-05,0.00011,5.5e-05,9.899999999999999e-05,7.8e-05,6.999999999999999e-05,0.000247,6.3e-05,7.8e-05,4.5e-05,6.1e-05,4.6e-05
0.020918,0.01133,0.017808,0.022339,-50.152752,4.994344,-0.785687,1.396429,0.881383,1.13175,1.235937,1.125874,0.127145,-0.513794,-0.370461,-0.827616,-1.370707,3.1e-05,4.3e-05,4.3e-05,0.000142,6.600000000000001e-05,0.000197,0.000233,8.3e-05,0.000217,8.000000000000001e-05,0.000107,8.4e-05
0.044606,0.033971,0.064244,0.017305,-51.565667,5.833314,-1.73425,0.591457,-0.496753,1.042913,-0.182318,-0.95934,-0.191919,-0.025387,0.33481,0.279542,-0.244419,1.5e-05,1.5e-05,5e-06,1.5e-05,8e-06,2.5e-05,3.1e-05,2.2e-05,4e-05,1.2e-05,9e-06,5e-06
0.055138,0.037515,0.09675,0.037819,-42.350081,4.508998,-0.799746,1.049906,-0.350276,-0.090193,0.009183999999999999,0.02323,0.201597,0.201983,-0.031726,0.187633,0.242332,0.000208,0.000194,0.000258,0.000394,0.000218,0.000258,0.000246,0.000335,0.00034,0.00022,0.000338,0.00019
0.049284,0.023569,0.03533,0.014287,-50.896044,5.535255,1.810711,0.919764,0.078528,-0.444156,-0.328728,0.2203,0.293266,0.196019,0.051936,-0.05184,-0.131573,2.9e-05,4.4e-05,3.7e-05,6e-05,4.9e-05,3.9e-05,4.8e-05,2.4e-05,3.7e-05,3.1e-05,6.499999999999999e-05,4.7e-05
0.01242,0.011246,0.0131,0.035948,-59.915789,9.898904999999999,-0.29849,0.584049,-0.746259,2.088057,1.360449,0.611065,0.33791,0.5025500000000001,1.063027,0.448055,-0.306633,8.4e-05,2.7e-05,7e-06,6e-06,6e-06,7e-06,6e-06,7e-06,6e-06,6e-06,9e-06,2e-05
0.032882,0.010691,0.015136,0.037275,-49.143855,4.805997,1.752784,1.339407,0.192672,0.103254,-0.100434,0.367816,-0.09303699999999999,-0.078402,0.186239,0.053397,0.172227,0.000225,0.000115,0.000164,0.0003,0.000165,0.000236,0.000208,0.000367,0.000239,0.000198,0.000195,0.000141
0.020013,0.011926,0.019809,0.025243,-48.976225,5.45871,0.493305,3.683108,0.937986,0.683176,0.768896,-0.387334,-0.598677,-0.093513,0.194096,0.521842,0.3016,0.000782,0.000108,0.000143,3.9e-05,2.2e-05,4.6e-05,0.000117,0.000489,0.000281,0.000457,0.000296,0.000195
0.055551,0.027585,0.037739,0.046328,-45.099594,4.427578,1.165315,0.86632,0.676576,0.115227,0.277118,0.030283,0.070504,-0.104405,0.176495,-0.06763,0.194951,0.000179,0.000141,8.1e-05,0.000166,0.00023,0.000175,0.00039,0.000185,0.000283,0.000275,0.000227,0.000514
0.062612,0.033546,0.100229,0.041984,-56.192305,4.511372,1.160101,-0.789247,-0.794845,0.505711,-0.60649,1.532287,-1.031364,1.398238,-0.380056,0.7148099999999999,0.127396,4e-06,4e-06,4e-06,7e-06,7e-06,6e-06,5e-06,4e-06,3e-06,3e-06,3e-06,3e-06
0.01428,0.011439,0.02669,0.014993,-54.030865,9.782856000000001,0.247671,0.5338039999999999,-0.056799,-0.359644,-1.242201,-0.413248,-0.480126,0.23369,-0.442964,-0.110247,0.693541,0.00012,0.000246,0.000262,0.000308,0.000175,0.000389,0.000286,8.6e-05,5.6e-05,3e-05,2e-05,3.2e-05
0.050115,0.022086,0.030594,0.028004,-45.628515,5.713066,0.372954,0.8711140000000001,0.913313,0.5898640000000001,0.528536,0.600782,-0.102769,0.18616,0.7581830000000001,0.174031,0.542608,0.000714,0.000489,9.899999999999999e-05,0.000275,0.000268,0.000581,0.000302,0.000122,0.000294,0.000291,0.000439,0.000287
0.030021,0.018571,0.035595,0.024988,-48.705891,5.963755,-0.29698,1.692739,0.000236,-0.001961,0.946609,-0.8531339999999999,-0.511694,0.122241,-0.195137,0.454185,0.381076,9.899999999999999e-05,0.00011,6.600000000000001e-05,0.000117,5.2e-05,6.499999999999999e-05,6.499999999999999e-05,6e-05,0.000118,6.4e-05,0.000111,4.8e-05
0.017666,0.013406,0.022275,0.043444,-52.222747,7.23088,-0.059577,2.093695,-0.260664,0.287202,1.165056,0.144062,0.186454,-0.291813,-0.181307,-0.33298,0.074534,2.3e-05,2.6e-05,6.999999999999999e-05,3e-05,9.7e-05,4.3e-05,6.600000000000001e-05,8.500000000000001e-05,3e-05,3.6e-05,5.7e-05,8.500000000000001e-05
0.055449,0.038478,0.119395,0.087225,-48.550795,4.627303,-0.408101,2.810764,-1.568839,0.07475999999999999,-0.7286899999999999,0.349227,0.542728,-0.544079,0.222136,-0.391671,-0.8018189999999999,2.9e-05,5.2e-05,4.3e-05,2.6e-05,3.5e-05,2.3e-05,4.6e-05,2.9e-05,3.7e-05,9.7e-05,5.1e-05,6e-05
0.036318,0.021979,0.049745,0.022231,-47.892245,4.165329,0.467177,1.148181,0.04128,0.442976,0.401986,0.177339,0.23802,0.093843,0.001233,0.189847,-0.141987,8.500000000000001e-05,4.3e-05,3.5e-05,3.5e-05,6.999999999999999e-05,0.000194,8.7e-05,6.4e-05,5.7e-05,8.4e-05,6.3e-05,4.8e-05
0.06310200000000001,0.024997,0.048991,0.051423,-43.574255,4.668211,-0.5125189999999999,0.7182809999999999,0.691231,0.388666,0.369781,0.309168,0.395121,0.20319,0.295793,-0.078333,-0.120525,0.000723,0.000461,0.000327,0.000352,0.00053,0.000615,0.000639,0.000665,0.000463,0.000492,0.000473,0.000547
0.018302,0.015246,0.028429,0.047002,-50.018023,9.580299,-0.816242,1.473739,-0.069246,0.499982,-0.564683,0.414798,-0.428932,-0.094719,0.019907,0.421603,0.280011,0.000115,0.000495,8.7e-05,9.899999999999999e-05,0.000226,8.000000000000001e-05,6.9e-05,6.600000000000001e-05,0.000306,5.6e-05,4.1e-05,0.00019
0.026719,0.013031,0.013302,0.09839199999999999,-48.893895,3.190379,1.211465,1.433415,1.615992,0.319525,0.787654,0.901713,0.512946,-0.332403,-0.502426,0.114528,0.059768,0.000289,0.000111,9.6e-05,8.3e-05,0.000286,0.000281,0.000118,0.000326,0.000121,0.000208,9.8e-05,0.000153
0.0215,0.009088000000000001,0.009913,0.028166,-50.499598,4.331268,0.851929,1.617925,1.080882,0.436811,0.572803,1.034653,0.433001,0.116388,-0.042889,-0.025838,0.383137,0.000898,0.000111,8.000000000000001e-05,0.000125,6.2e-05,0.000108,5.3e-05,0.000106,7.7e-05,0.000278,0.000621,0.000398
0.049079,0.030895,0.067245,0.01862,-53.329155,5.073134,0.140924,1.132576,0.314283,0.212301,0.084713,0.268823,-0.262487,-0.551727,0.183511,0.297248,-0.12656,3e-06,5e-06,1e-05,7e-06,7e-06,4e-06,7e-06,8e-06,6e-06,6e-06,5e-06,8e-06
0.021885,0.013406,0.022449,0.06370099999999999,-47.217215,6.576794,0.673279,1.350627,0.657513,0.813491,0.164139,-0.177425,-0.199224,-0.415113,0.380251,-0.016393,-0.0277,0.0005419999999999999,0.00025,0.00046,0.000351,0.000161,0.000408,0.000194,0.000351,0.000136,0.000139,0.000263,0.000175
0.056779,0.039292,0.10148,0.048616,-50.804022,4.982105,-0.693234,1.50453,-0.900599,0.124682,-0.035807,0.408703,-0.229786,0.187151,-0.018111,-0.238266,-0.512218,2.2e-05,5e-06,1e-05,1.2e-05,3.2e-05,8e-06,6e-06,8e-06,4e-06,1e-05,9e-06,3.8e-05
0.041615,0.024432,0.046557,0.02936,-44.367011,5.065319,1.850045,-0.840252,-0.596103,-0.076013,0.234782,-0.103902,-0.339631,-0.442284,0.07517,0.34563,0.224789,0.000705,0.000257,0.000216,0.000435,0.000209,0.000312,0.000482,0.000574,0.00053,0.000293,0.00023,0.000369
0.07964,0.05448,0.129158,0.018628,-43.279621,2.96487,-0.96306,1.589709,0.166879,0.088768,0.201314,0.354705,0.372217,0.367414,0.018025,0.160533,0.077054,0.000227,0.000131,9.2e-05,8.7e-05,0.000145,0.000213,0.000218,0.000239,0.000175,0.000161,0.000122,0.000128
0.092075,0.068671,0.142174,0.130186,-41.068443,4.345919,-0.450719,0.848785,-0.00309,0.377905,0.125392,0.270851,0.049051,0.012116,0.02513,-0.249027,-0.165875,0.000691,0.000206,0.000415,0.000397,0.00013,0.000337,0.000129,0.000435,0.000449,0.000226,0.000608,0.000293
0.053753,0.034411,0.100173,0.115536,-45.426254,4.03047,-0.116457,1.099941,-0.259512,0.308084,0.167882,0.092957,-0.166425,-0.021421,-0.101739,0.031701,0.218919,0.000186,0.000107,8.3e-05,7.8e-05,8.4e-05,9.6e-05,8.7e-05,0.000124,7.4e-05,6.4e-05,6.999999999999999e-05,9.000000000000001e-05
0.041208,0.042278,0.072751,0.174269,-50.976343,13.547755,-7.655306,2.872218,-0.644506,0.743472,0.30903,-0.059716,0.495014,0.044606,0.141549,0.168303,0.059049,6.7e-05,8.6e-05,0.000134,7.3e-05,0.000105,0.000222,8.4e-05,9.2e-05,4.8e-05,0.000161,0.000437,0.000156
0.069776,0.066927,0.1055,0.043514,-44.828087,3.925047,-3.110155,0.386461,-0.102116,0.478468,-0.323928,0.700094,-0.645638,0.000507,-0.488551,0.400512,-0.04189,0.000112,6.9e-05,0.00016,0.000155,7.3e-05,0.000102,4.6e-05,0.000137,4.1e-05,6.600000000000001e-05,8.6e-05,3.7e-05
0.023089,0.022047,0.040195,0.025143,-48.104238,6.873124,-0.059892,0.224621,0.629733,-0.131557,0.407213,0.930077,0.5267039999999999,-0.224762,-0.231722,0.257203,-0.295326,0.000432,0.000111,6.7e-05,2.6e-05,6.999999999999999e-05,0.000114,4.8e-05,0.00012,3.4e-05,7.1e-05,5.8e-05,0.000232
0.047156,0.036124,0.092667,0.025942,-44.500228,4.065823,-1.06414,0.774378,0.105045,-0.555912,-0.112466,0.324619,-0.18048,0.5396,1.00512,0.560634,0.022878,0.000116,0.000228,0.0002,0.000105,9.3e-05,0.000124,0.000314,0.00013,0.000166,0.000121,8.1e-05,0.000187
0.020229,0.007482,0.016083,0.119495,-54.221253,7.40358,-0.709172,1.006909,-0.9323900000000001,1.014417,0.220829,0.080704,-0.415857,0.321028,1.102313,0.240356,-0.902073,2e-05,1.3e-05,1e-05,7e-06,1.4e-05,2.7e-05,3.7e-05,0.000119,0.000192,2.3e-05,7.499999999999999e-05,7.1e-05
0.020733,0.014876,0.031528,0.016917,-51.970117,8.288684999999999,0.972695,1.293675,-0.015466,-0.7771169999999999,-0.163059,0.225078,0.175055,0.36217,0.187702,-0.269808,-0.365408,5.5e-05,8.899999999999999e-05,5.3e-05,2.5e-05,5.8e-05,2.4e-05,7.7e-05,0.000149,4.4e-05,5.9e-05,6e-05,0.000171
0.038654,0.026799,0.048881,0.103541,-44.490149,5.575447,0.688037,0.6168709999999999,-0.328423,0.661107,0.465759,0.122484,-0.327938,0.299984,0.541852,0.009613999999999999,-0.122797,0.000183,0.0005330000000000001,0.000104,0.000146,0.000103,0.000304,0.000846,0.000116,0.000157,0.000164,0.000111,5.6e-05
0.013974,0.008916,0.020968,0.026459,-54.934794,8.956417,0.416857,1.040089,0.201693,-0.24607,-0.273919,0.139326,0.43826,0.08472,0.129627,0.293653,-0.537581,2.1e-05,3.6e-05,1.1e-05,7e-06,4.2e-05,0.000236,0.000143,4.3e-05,2.5e-05,3.1e-05,2.9e-05,2.1e-05
0.040377,0.028972,0.050798,0.031478,-48.349987,5.828447,0.222335,0.7032,-0.461305,0.147349,-0.029932,0.036195,-0.662009,-0.399679,-0.231339,-0.151897,-0.15125,0.000187,7.1e-05,4.8e-05,2.4e-05,3.3e-05,6.8e-05,2.3e-05,4.9e-05,1.7e-05,2.8e-05,1.7e-05,3.1e-05
0.023159,0.013586,0.033554,0.023554,-47.33905,6.62277,-1.123683,0.8619,0.286188,0.203072,-0.075712,-0.335266,0.586361,0.533347,0.061125,-0.06131,0.088406,0.00049,0.000216,0.000466,0.000136,9.3e-05,8.000000000000001e-05,0.00016,0.000275,0.000159,0.000233,0.000103,0.000196
0.040993,0.024111,0.044151,0.102239,-45.945319,5.198825,0.46505,1.230439,-0.780674,0.26495,0.453398,0.478556,0.194559,-0.192337,-0.870823,-0.601785,-0.152586,0.000201,0.0002,0.000171,0.000117,8.899999999999999e-05,8.7e-05,5.9e-05,0.000116,0.000168,0.000267,0.000222,0.000119
0.029455,0.019071,0.031832,0.014161,-47.783874,4.920604,1.046019,0.786436,-0.140931,0.594869,-0.133524,0.094002,-0.072883,0.286053,-0.236479,0.358196,0.362704,6.499999999999999e-05,0.000272,9.000000000000001e-05,0.000198,6.9e-05,0.0001,0.000101,2.9e-05,8.500000000000001e-05,4.4e-05,0.000117,3.3e-05
0.027935,0.017183,0.033712,0.050012,-46.48306,5.032023,0.563768,0.821151,0.03388,0.6213,-0.150243,0.442347,0.160798,0.095405,0.011524,-0.07718700000000001,-0.056632,0.000239,0.000191,0.000148,6.7e-05,0.000117,5.8e-05,0.00012,9.1e-05,0.000109,0.000364,0.000125,0.000194
0.018632,0.014277,0.026633,0.122127,-54.518181,12.627094,-2.542247,1.972389,-0.244351,0.7351220000000001,-0.319436,0.01823,-0.07287399999999999,-0.059044,-0.055184,-0.134008,-0.05854,5.2e-05,2.1e-05,7.499999999999999e-05,3.6e-05,0.00014,9.1e-05,4.8e-05,0.000216,5e-05,0.000121,3e-05,7.6e-05
0.06072,0.040064,0.075304,0.034369,-41.283535,5.147746,-0.8838,0.209967,0.145118,0.50303,0.06463000000000001,1.056836,0.125279,-0.589201,-0.71592,-0.103999,0.229122,0.001004,0.000477,0.001152,0.000418,0.000678,0.000567,0.000332,0.000642,0.000242,0.000405,0.000231,0.000577
0.06256399999999999,0.028949,0.03563,0.049328,-43.415637,4.264769,1.084638,-0.204652,-0.221133,0.122865,0.316954,-0.041741,-0.139952,0.375562,0.514923,0.149602,0.411489,0.000245,0.000643,0.000408,0.001062,0.001591,0.000621,0.000752,0.000506,0.00157,0.000476,0.000437,0.00029
0.030543,0.028496,0.047444,0.123506,-50.095867,10.246834,-2.621486,1.593788,-1.175818,0.416047,-0.871481,0.07205,-0.617333,0.166306,0.218198,-0.014667,0.06834,6.8e-05,2.1e-05,6.600000000000001e-05,0.000203,5.6e-05,0.000155,4.5e-05,0.000146,6.2e-05,2.3e-05,0.00011,3.6e-05
0.048194,0.022952,0.045318,0.027907,-44.733889,4.018162,0.383063,1.767731,-0.315375,-0.053643,0.037969,0.182317,0.418382,-0.034276,0.417281,0.2457,0.159136,0.000366,0.000213,0.00022,0.000178,0.000271,0.000304,0.000216,0.000622,0.000388,0.000158,0.000132,0.000187
0.032356,0.01764,0.025751,0.041163,-47.514351,5.180188,1.414689,1.018598,0.648989,0.699303,0.004723,0.044408,0.075263,-0.040608,0.103941,0.38343,0.377431,0.000244,0.00028,9.399999999999999e-05,0.000128,0.000126,0.000318,9.7e-05,0.000102,0.000166,0.00012,0.000249,0.000157
0.023664,0.013623,0.032252,0.021478,-55.116627,6.735707,-0.453646,1.354533,-0.323135,0.619671,-0.40375,0.249875,0.235249,0.363881,0.420426,-0.110256,-0.038835,6e-06,1.1e-05,1.8e-05,5e-06,5e-06,9e-06,2.4e-05,2.2e-05,1.1e-05,1.9e-05,7e-06,5e-06
0.022381,0.016422,0.029459,0.028596,-46.662837,8.639034000000001,-0.362185,2.152256,-0.692674,0.452232,0.369447,-0.893417,0.084701,-0.086517,0.165126,0.055799,0.051299,0.000365,0.000283,0.001245,0.000437,0.000113,0.000208,0.000271,0.000711,0.000185,0.000243,0.000548,0.000187
0.070801,0.058314,0.122675,0.047034,-41.020407,3.635756,-1.195714,0.86472,0.037233,0.8763879999999999,-0.707692,-0.352285,-0.137578,0.429975,0.185097,-0.179449,0.204071,0.000198,0.000248,0.000252,0.000191,0.000263,0.000426,0.000343,0.000253,0.000436,0.00087,0.000398,0.000194
0.032774,0.020615,0.044682,0.118716,-44.698922,5.041948,0.003806,0.794532,0.030588,-0.034021,0.013489,0.202977,0.057223,0.082219,0.089794,0.051777,0.325689,9.8e-05,0.000151,0.000201,0.000527,0.00019,0.000231,0.000131,0.000101,0.000258,0.000264,0.000499,0.000158
0.023099,0.025249,0.03554,0.144455,-57.064337,11.966887,-1.962261,1.688727,-1.092219,0.286481,-1.319575,-0.275575,-0.321634,0.915264,-0.07657700000000001,0.226498,0.138837,5e-06,6e-06,7e-06,3.5e-05,1e-05,3e-05,1e-05,3.9e-05,5e-05,1e-05,2.1e-05,5e-06
0.051073,0.036291,0.054206,0.03535,-46.458367,5.617477,-0.345991,0.006528,-0.419429,0.284267,0.027691,0.418739,0.510998,0.433484,0.326975,-0.075874,-5.8e-05,0.000202,0.000127,0.000105,7.1e-05,5.1e-05,9.6e-05,3.7e-05,5.2e-05,8.2e-05,0.000157,0.000131,9.399999999999999e-05
0.016376,0.018243,0.028053,0.058749,-56.926318,7.976208,0.691319,0.3804,0.325681,0.755337,0.211498,0.348047,-0.526664,-0.074929,-0.311822,-0.41988,0.059865,3e-06,6e-06,3e-06,7e-06,1e-06,1.1e-05,1.9e-05,4e-06,9e-06,7e-06,1.5e-05,7e-06
0.055509,0.032281,0.049906,0.02186,-47.361443,5.077956,0.34713,0.3966,0.132468,0.320671,0.374316,0.459142,0.633087,-0.044605,-1.025304,0.188705,0.380296,0.000379,0.000111,6.2e-05,4.3e-05,8.6e-05,7.7e-05,4e-05,8.3e-05,6.8e-05,0.000104,3.8e-05,9.7e-05
0.06763,0.060725,0.11887,0.013209,-47.571284,4.095971,-2.280259,1.922176,-0.058659,0.326685,-0.546059,-0.118105,-0.456035,-0.577763,-0.844469,0.17842,-0.165552,2.5e-05,4.2e-05,6.7e-05,8.3e-05,2.5e-05,2.5e-05,1.6e-05,2.6e-05,1.4e-05,2.1e-05,0.000101,3e-05
0.027451,0.017994,0.037806,0.030437,-50.245119,7.55178,0.89716,-0.16285,-0.789791,-0.818897,0.30231,0.575233,0.411224,0.118132,-0.286518,-0.00754,0.244796,5.4e-05,0.000124,5.1e-05,0.00011,4.3e-05,0.0001,0.000138,6.1e-05,9.2e-05,0.000115,0.000199,0.000145
0.051513,0.043353,0.097023,0.043504,-48.46822,4.281707,-1.515357,1.547969,-0.043609,1.697365,-0.202857,-0.016144,-0.47926,-0.110383,-0.300544,0.155863,-0.213321,3.4e-05,2.2e-05,3.7e-05,2.7e-05,2e-05,5.7e-05,1.9e-05,2.3e-05,3.5e-05,2.7e-05,6e-05,1.9e-05
0.037111,0.021082,0.057136,0.045542,-45.751043,3.79978,-0.121309,1.805858,-0.449457,0.722142,0.08103399999999999,0.777165,0.221118,0.289368,0.352396,0.300694,-0.312976,0.000216,0.000107,0.000147,0.000176,0.000105,0.000131,8.899999999999999e-05,0.000165,0.000171,0.000182,0.000341,0.000176
0.041145,0.042405,0.087341,0.031666,-48.018863,4.820477,-2.26041,0.567673,0.353534,0.037575,0.046375,0.140503,0.436038,0.253196,0.128842,-0.208618,0.67338,6e-05,5e-05,3e-05,2.7e-05,3.8e-05,4.9e-05,2.9e-05,2.4e-05,3.4e-05,4.5e-05,5.4e-05,5e-05
0.06579500000000001,0.025974,0.039031,0.037639,-45.701469,4.063038,1.80325,-0.177865,-0.03663,0.593322,0.191269,0.367891,0.351216,0.265499,0.015794,-0.007258,0.190379,0.000637,0.00033,0.000184,0.000165,0.000159,0.000202,0.000179,0.000141,0.000122,8.000000000000001e-05,0.000219,0.000702
0.023383,0.019283,0.043143,0.03217,-50.3336,6.365174,0.100452,0.703245,0.286493,1.460782,-0.025568,0.525668,0.377626,-0.094321,-0.688852,0.048269,0.647778,0.000155,6.3e-05,6.7e-05,2e-05,3.9e-05,9.2e-05,2.2e-05,1.5e-05,8e-06,1.8e-05,1.1e-05,3.8e-05
0.045035,0.031739,0.07169499999999999,0.04409,-48.313056,4.925205,-1.125833,0.475535,-0.266087,0.799127,-0.015476,0.1797,0.166344,0.08411,0.311493,0.207493,0.389334,2.6e-05,2.9e-05,5.4e-05,3.6e-05,2.4e-05,2.7e-05,4.3e-05,8.3e-05,5.9e-05,3.4e-05,3.7e-05,3.7e-05
0.107215,0.162459,0.468478,0.028753,-47.557286,3.7804,1.771951,0.104573,-0.020248,-0.808517,0.128402,0.244606,0.310564,-0.23399,-0.386486,0.173135,0.277107,5.2e-05,6.8e-05,8.4e-05,8.899999999999999e-05,6.7e-05,5.7e-05,5.5e-05,5.6e-05,5.4e-05,5.1e-05,5.5e-05,5.7e-05
0.03732,0.028472,0.061614,0.034895,-47.481985,5.43704,-0.8137450000000001,1.172124,-0.272756,0.323258,0.172631,-0.826994,-0.244582,-0.059582,0.143846,0.072116,-0.233515,4.1e-05,0.000102,2.9e-05,6.9e-05,4.4e-05,2.6e-05,3.5e-05,6.1e-05,0.000122,4.6e-05,7.2e-05,0.000123
0.035651,0.032481,0.055408,0.025783,-46.526542,6.553635,-0.82233,0.593257,-1.320959,0.666645,-0.124958,-0.336753,0.336246,-0.328476,0.118938,-0.46513,0.055726,0.000146,0.000115,0.000123,8.8e-05,0.000112,0.00016,7.3e-05,6.1e-05,5.2e-05,7.4e-05,7.8e-05,6.7e-05
0.041425,0.027996,0.074019,0.026939,-46.651301,5.106252,-0.409181,1.527476,0.989489,-0.259113,0.093483,0.427205,-0.126394,0.056086,0.30602,-0.316391,-0.124152,9.1e-05,6.499999999999999e-05,5.2e-05,6.3e-05,0.000246,0.000257,7.8e-05,7.9e-05,6.2e-05,0.00011,9.2e-05,6.7e-05
0.040212,0.012407,0.026599,0.08584700000000001,-47.116932,3.933464,1.822541,1.009981,-0.285684,-0.979742,-0.647325,0.273234,0.486658,0.507968,0.284165,-0.127134,-0.039803,0.000172,0.000492,0.00012,6.7e-05,0.000147,0.000501,0.000421,0.000576,0.000315,0.000232,0.000861,0.00022
0.043964,0.021471,0.04282,0.011977,-47.850749,4.972552,0.226904,0.773901,-0.067595,0.289681,0.060463,0.241153,0.03448,-0.128468,-0.270156,-0.181937,-0.132957,0.000165,0.000138,7.1e-05,5.7e-05,3.7e-05,6.499999999999999e-05,3.6e-05,1.8e-05,2e-05,6e-05,0.00012,0.00011
0.057354,0.028153,0.097342,0.044176,-42.451015,2.970099,-0.470824,1.500097,0.047823,0.245135,0.046817,0.448594,-0.125331,0.674092,0.413654,0.395106,0.317055,0.000375,0.000484,0.000358,0.000489,0.000419,0.000648,0.0004929999999999999,0.000292,0.000357,0.00029,0.000499,0.00042
0.024364,0.01538,0.040134,0.060093,-49.09349,7.258502,-2.168367,2.232119,0.306343,0.606101,-0.306777,0.402744,0.526344,-0.144485,0.110877,0.036537,-0.499037,0.000345,7.3e-05,7.4e-05,4.2e-05,0.000131,0.000422,8.000000000000001e-05,2.6e-05,1.7e-05,5.7e-05,0.000108,7.8e-05
0.050213,0.032236,0.075505,0.07528600000000001,-40.047733,4.139402,0.333614,0.952665,0.231361,0.393405,-0.014019,0.291891,0.010988,0.082749,0.047565,0.088421,0.071877,0.000833,0.000603,0.000645,0.000585,0.00078,0.001013,0.000656,0.000845,0.000745,0.00191,0.000655,0.000647
0.041431,0.014028,0.016511,0.061002,-50.140011,4.337016,1.184254,1.18082,0.12091,0.89469,0.365331,0.386102,0.377074,0.388846,0.186913,0.206773,0.201763,0.000152,0.000102,3.5e-05,2.6e-05,3.7e-05,5.8e-05,8.1e-05,5.8e-05,6.8e-05,5e-05,7.3e-05,0.000123
0.058881,0.032321,0.060175,0.0553,-40.470302,4.579232,0.520908,-0.025642,0.500368,0.254796,-0.140497,-0.115319,-0.121946,0.105085,0.21421,0.157983,-0.077724,0.000741,0.00056,0.000766,0.000552,0.000885,0.000764,0.001393,0.001254,0.000611,0.000641,0.000505,0.000712
0.041079,0.022333,0.028319,0.065828,-46.407427,5.05903,1.324077,0.535622,0.225738,-0.073647,0.218534,0.248158,-0.033774,0.07302,-0.156985,-0.403914,-0.388274,0.00023,0.000176,0.000346,0.000361,0.000204,0.000366,0.000192,0.000221,0.000174,0.000218,0.000408,0.0002
0.06454799999999999,0.039185,0.070408,0.020758,-51.670836,5.238581,-1.237684,-0.055662,-0.898065,-0.71862,-1.06896,-0.331639,-0.075641,0.042663,-0.342542,-0.280445,-0.369883,2.2e-05,2.8e-05,1e-05,7e-06,7e-06,5e-06,4e-06,9e-06,1e-05,7e-06,2.4e-05,2.1e-05
0.031769,0.016908,0.032098,0.026568,-50.70392,5.859538,0.112905,1.190762,0.20186,0.1045,0.195834,-0.25793,0.253961,0.199935,0.061001,0.108786,0.054695,4.2e-05,2.8e-05,3.9e-05,2.9e-05,3.6e-05,4e-05,2.5e-05,3.9e-05,3e-05,5.8e-05,5.6e-05,3.6e-05
0.050435,0.035121,0.08211599999999999,0.026529,-44.880233,4.801899,0.012199,1.321785,0.211973,-0.1819,-0.138667,0.325091,0.229052,0.10229,0.232886,0.179797,0.106425,7.9e-05,0.000145,0.000137,0.00025,0.000114,0.000186,0.000153,5.6e-05,9.399999999999999e-05,9.000000000000001e-05,0.000217,0.000122
0.044884,0.044391,0.069926,0.035088,-53.507411,5.924471,-1.809646,0.617654,0.181674,0.890466,-0.85577,-1.011803,-0.655876,-0.446881,0.706506,0.259962,0.92669,3e-06,3e-06,5e-06,4e-06,1.7e-05,1.9e-05,5e-06,6e-06,5e-06,1.1e-05,5e-06,2e-06
0.064281,0.055652,0.096556,0.021031,-44.961238,3.671398,-2.164275,-0.20149,0.641317,0.293387,-0.220798,0.461432,-0.098888,0.046753,0.188468,0.26913,0.079468,6.8e-05,6.3e-05,0.000105,0.000131,0.000115,0.000123,8.3e-05,7.9e-05,7.6e-05,0.000114,0.000106,9.000000000000001e-05
0.06358800000000001,0.027652,0.028173,0.051361,-45.712766,3.919271,1.172295,1.233206,1.300196,0.727816,0.175278,0.024953,0.02187,0.205901,0.09282700000000001,-0.013991,0.030945,0.000243,0.000265,8.500000000000001e-05,0.000121,0.000131,9.1e-05,0.000234,7.6e-05,0.000124,0.000121,0.000331,0.000967
0.042305,0.02585,0.046514,0.032133,-45.993313,6.327122,-0.275721,0.015584,-0.554245,0.00337,-0.430548,0.140567,0.820546,-0.167621,-0.311091,0.410667,0.270873,0.000139,9.7e-05,0.000124,0.000177,0.000143,0.000143,0.000184,0.000281,0.000225,0.000107,0.000125,0.000118
0.038625,0.032541,0.056525,0.127118,-47.282879,6.078283,-0.454091,0.943425,-0.247414,-0.178913,0.365067,-0.458572,-0.048264,-0.541986,0.389011,-0.210401,-0.158293,3.4e-05,4.9e-05,0.000145,0.000113,6e-05,0.00013,5.2e-05,3.2e-05,2e-05,6.499999999999999e-05,8.3e-05,2.4e-05
0.034536,0.023062,0.060409,0.019381,-47.773293,4.962517,-0.472849,1.152253,0.107135,0.892626,-0.341701,0.210277,-0.025413,-0.019517,0.550519,-0.21901,-0.050366,0.000145,7.6e-05,3.4e-05,3e-05,2.6e-05,6e-05,5.3e-05,0.000119,7.8e-05,4.1e-05,4.7e-05,0.000105
0.034971,0.024824,0.052783,0.025147,-42.057485,4.92573,-0.6417389999999999,0.298604,-0.540681,0.424964,0.536403,0.762284,0.486627,0.365607,-0.086497,0.152109,0.01859,0.000623,0.000489,0.000653,0.000345,0.0005,0.000525,0.000335,0.000602,0.000332,0.000484,0.00063,0.000639
0.016919,0.010825,0.020014,0.022529,-51.542631,6.402952,0.202953,0.519339,0.906048,1.033501,-0.137917,0.068852,-0.505476,0.362155,0.104419,0.433219,-0.37972,9.8e-05,0.000342,9.1e-05,1.7e-05,1.6e-05,3.4e-05,1.5e-05,1.7e-05,8.899999999999999e-05,5.4e-05,2.2e-05,2.6e-05
0.045147,0.050668,0.080369,0.09775399999999999,-60.40607,6.844478,-3.702546,0.33655,-0.461588,0.341576,-0.601872,-0.092904,0.333759,-0.259586,-0.139901,-0.891508,-1.303648,3e-06,1e-06,0,0,1e-06,0,0,2e-06,1e-06,2e-06,1e-06,0
0.045548,0.021383,0.029637,0.105776,-47.754155,4.432045,0.520652,2.006457,0.94986,0.681414,0.352166,0.402539,0.153947,-0.056666,-0.146939,0.060461,0.241612,7.6e-05,4.6e-05,0.000158,6.2e-05,2.9e-05,8.1e-05,5.9e-05,0.000177,0.000184,6.3e-05,0.000161,4.9e-05
0.025159,0.018664,0.029774,0.02596,-47.734048,6.293596,0.504059,1.24539,0.251037,0.525566,0.0919,0.059605,-0.52224,-0.072091,-0.342183,-0.23576,-0.140864,0.000192,7.4e-05,0.000107,4.7e-05,0.000112,0.000138,5.6e-05,0.000203,5.8e-05,9.399999999999999e-05,0.000264,9.6e-05
0.018708,0.013646,0.026819,0.07832,-57.595658,9.727741,0.142255,1.38622,-0.286281,0.40208,-0.206067,0.223657,-0.941671,-0.415858,0.4196,0.247589,-0.355159,2.5e-05,1e-05,9e-06,1.7e-05,2.3e-05,2.6e-05,1.1e-05,2.1e-05,1.1e-05,6e-06,1.6e-05,1e-05
0.06593599999999999,0.034318,0.079288,0.019308,-43.791741,4.373225,-0.39898,0.322573,0.04175,0.196861,0.197723,0.07314,-0.069326,-0.034243,0.110833,0.156441,0.375902,0.000181,0.000178,0.000193,0.000214,0.000167,0.000193,0.000209,0.000282,0.000225,0.000174,0.000159,0.000104
0.057374,0.034165,0.101221,0.026611,-46.958007,4.09175,-0.73164,1.752058,-0.287059,0.338607,0.691419,0.003241,-0.463628,0.157104,0.302215,0.290924,-0.36982,6.4e-05,4.9e-05,6.600000000000001e-05,0.000108,7.4e-05,7.4e-05,5.7e-05,7.499999999999999e-05,6.2e-05,6e-05,6.499999999999999e-05,4.9e-05
0.034786,0.024704,0.022497,0.030669,-47.575283,6.128012,2.237267,1.424128,0.723334,0.108152,0.201182,-0.191755,-0.444287,-0.328842,-0.587251,-0.8420029999999999,-0.617092,0.000164,0.000579,0.000328,8.4e-05,0.000141,7.3e-05,0.000312,0.000112,0.000539,0.000831,0.000173,0.000292
0.026879,0.008617,0.009431999999999999,0.03015,-47.70421,4.511416,0.676061,0.794129,0.788137,0.291982,0.657909,1.117397,0.487218,0.301512,-0.133501,0.194617,0.216863,0.000227,0.000239,0.000483,0.000439,0.000824,0.000409,0.000687,0.000237,0.000183,0.000304,0.00042,0.000792
0.0355,0.032447,0.085456,0.051419,-41.484384,6.517154,-2.2119,2.012467,-1.192828,0.34149,-0.052365,1.078736,0.02261,0.184571,-0.564646,0.259038,-0.579524,0.000783,0.000457,0.00114,0.000629,0.000289,0.000504,0.000408,0.000702,0.001068,0.000817,0.000407,0.000422
0.020864,0.014983,0.037003,0.063474,-48.142848,7.744343,-1.082,0.66628,-0.378908,0.163893,-0.109575,0.445193,-0.073658,0.339392,0.169323,0.236701,-0.08340400000000001,7.8e-05,8.1e-05,7.1e-05,0.000136,0.000221,0.000409,0.000291,0.000135,0.000149,0.000111,0.000154,9.2e-05
0.020765,0.016484,0.033931,0.044106,-55.313781,8.728878999999999,-1.048626,1.188108,-0.50613,0.716616,0.063586,-0.254574,0.136075,0.395629,0.531895,0.213923,0.029758,2.6e-05,1.2e-05,6e-06,7e-06,1.1e-05,2.3e-05,1.6e-05,2.2e-05,1.7e-05,1.2e-05,1.3e-05,1.2e-05
0.020036,0.012198,0.032762,0.07568800000000001,-50.922937,8.586638000000001,-1.979463,1.723101,-0.284007,0.704993,0.528725,0.288,-0.436925,0.248523,0.220861,0.242236,-0.345195,3.6e-05,2.8e-05,0.00012,0.000263,0.00013,0.000157,5.2e-05,0.000146,5.7e-05,8.000000000000001e-05,8.2e-05,2.4e-05
0.031359,0.024965,0.060283,0.07645399999999999,-48.638347,7.101632,-0.9524550000000001,0.95807,-0.518931,0.391933,0.053858,-0.074048,-0.242317,0.53496,0.106769,-0.540112,-0.853793,0.0001,4.9e-05,0.000135,0.000135,3.8e-05,3e-05,4e-05,0.000131,4.6e-05,7.1e-05,0.000112,3.8e-05
0.01942,0.010511,0.012587,0.015581,-53.227313,5.183818,1.900403,1.407319,0.72589,1.005988,0.288946,0.126288,0.401888,0.151712,0.358392,0.045642,0.016421,2.9e-05,5.4e-05,2e-05,3.7e-05,0.000137,5.1e-05,9.399999999999999e-05,2.6e-05,3.5e-05,3.5e-05,8.1e-05,8.3e-05
0.020137,0.015129,0.023364,0.027597,-49.759743,7.656362,0.032695,1.576405,0.420791,0.7924639999999999,0.064012,0.12934,-0.180598,-0.052791,-0.443248,0.109317,-0.360352,0.000196,6.1e-05,0.000171,0.000185,6.7e-05,0.000158,3.5e-05,5.4e-05,2.1e-05,8.2e-05,0.000226,7.8e-05
0.03317,0.016737,0.035232,0.029523,-44.94343,5.157686,0.397576,0.598927,0.07335899999999999,0.383276,0.379297,0.506369,0.338085,0.237806,0.100255,0.244738,0.230937,0.00029,0.000194,0.000339,0.000187,0.000165,0.000414,0.00027,0.000427,0.000196,0.000428,0.0006310000000000001,0.000279
0.036154,0.030228,0.05055,0.014575,-46.352203,6.059142,-0.121056,0.447467,-0.487106,0.221554,-0.415691,0.096703,-0.478981,-0.418021,-0.329707,-0.122907,-0.044556,0.000335,0.000111,6.9e-05,6.9e-05,0.000122,4.5e-05,4.3e-05,0.000137,5.5e-05,4.6e-05,3e-05,0.000112
0.01332,0.004179,0.005896,0.021632,-58.358239,7.135619,2.765638,0.686851,0.510458,0.368555,-0.254661,-0.495305,-0.358153,0.467853,0.5130400000000001,0.179339,0.317348,0.000211,0.000164,9.1e-05,0.000183,5e-05,0.000102,5.5e-05,2.4e-05,1.8e-05,2.2e-05,6.999999999999999e-05,7.4e-05
0.044573,0.042928,0.09973899999999999,0.029447,-48.577327,5.277902,-1.940046,1.425938,-0.321057,0.6953,-0.537118,0.86273,-0.357613,-0.075044,-0.240032,0.230504,-0.08660900000000001,3.7e-05,3e-05,4.5e-05,2.8e-05,2.6e-05,3.6e-05,2e-05,2.1e-05,1.2e-05,2.2e-05,2.8e-05,3.1e-05
0.15007,0.119372,0.337855,0.015624,-43.739969,1.157895,1.335966,0.239013,0.13485,0.300913,0.123287,0.141487,0.069261,0.072371,0.051876,-0.022996,-0.042675,0.000176,0.000182,0.00019,0.000213,0.000223,0.000183,0.000178,0.00019,0.000152,0.000145,0.00019,0.000187
0.055817,0.041891,0.07893500000000001,0.028188,-45.203103,4.782764,-0.427756,0.676214,-0.427374,0.286735,0.384115,0.286583,-0.30852,-0.196446,0.032308,-0.342398,0.183422,6.3e-05,4e-05,0.000174,0.000116,4.6e-05,9.2e-05,7.499999999999999e-05,0.000489,0.000101,2.4e-05,6.8e-05,4.6e-05
